c fl3795.tsp dataset with optimal solution: 28772
p 605
v 1 2104 1968
v 2 1401 1968
v 3 295 1968
v 4 1235 1956
v 5 1347 1962
v 6 1401 1944
v 7 1211 1944
v 8 1211 1932
v 9 1353 1932
v 10 1300 1927
v 11 1176 1921
v 12 1211 1921
v 13 1377 1921
v 14 1330 1909
v 15 1306 1909
v 16 1235 1909
v 17 1152 1909
v 18 1152 1897
v 19 1235 1897
v 20 1306 1897
v 21 1377 1885
v 22 1306 1885
v 23 1129 1885
v 24 1129 1873
v 25 1377 1873
v 26 1667 1749
v 27 673 1749
v 28 738 1743
v 29 1732 1743
v 30 1850 1720
v 31 857 1720
v 32 366 1490
v 33 774 1519
v 34 1247 1519
v 35 1767 1519
v 36 2069 1478
v 37 1371 1419
v 38 1117 1247
v 39 1235 1247
v 40 1235 1271
v 41 1779 1389
v 42 1791 1413
v 43 1850 1413
v 44 1377 1224
v 45 1235 1224
v 46 331 1147
v 47 1755 1153
v 48 1743 1141
v 49 1229 1005
v 50 1217 994
v 51 1140 799
v 52 1200 799
v 53 1223 799
v 54 1247 799
v 55 1341 799
v 56 1377 799
v 57 1170 793
v 58 1200 787
v 59 1223 787
v 60 1330 787
v 61 1347 781
v 62 1182 781
v 63 1176 775
v 64 1223 775
v 65 1330 775
v 66 1324 769
v 67 1276 769
v 68 1194 769
v 69 1140 763
v 70 1200 763
v 71 1294 763
v 72 1341 763
v 73 1247 751
v 74 1223 539
v 75 1365 598
v 76 2104 232
v 77 295 232
v 78 1208 1959
v 79 1220 1959
v 80 1232 1959
v 81 1244 1959
v 82 1256 1959
v 83 1291 1959
v 84 1303 1959
v 85 1374 1971
v 86 1386 1971
v 87 1398 1971
v 88 1309 1953
v 89 1297 1953
v 90 1179 1941
v 91 1191 1941
v 92 1203 1941
v 93 1344 1941
v 94 1356 1941
v 95 1368 1941
v 96 1380 1941
v 97 1392 1941
v 98 1268 1935
v 99 1256 1935
v 100 1244 1935
v 101 1232 1935
v 102 1220 1935
v 103 1161 1935
v 104 1149 1935
v 105 1138 1935
v 106 1126 1935
v 107 1114 1935
v 108 1132 1929
v 109 1143 1929
v 110 1155 1929
v 111 1167 1929
v 112 1179 1929
v 113 1309 1929
v 114 1321 1929
v 115 1333 1929
v 116 1344 1929
v 117 1362 1924
v 118 1350 1924
v 119 1339 1924
v 120 1327 1924
v 121 1315 1924
v 122 1303 1924
v 123 1220 1924
v 124 1208 1924
v 125 1197 1924
v 126 1185 1924
v 127 1203 1918
v 128 1274 1918
v 129 1285 1918
v 130 1297 1918
v 131 1309 1918
v 132 1380 1918
v 133 1392 1918
v 134 1404 1918
v 135 1415 1918
v 136 1232 1912
v 137 1220 1912
v 138 1208 1912
v 139 1197 1912
v 140 1073 1906
v 141 1084 1906
v 142 1096 1906
v 143 1108 1906
v 144 1120 1906
v 145 1132 1906
v 146 1143 1906
v 147 1262 1906
v 148 1274 1906
v 149 1285 1906
v 150 1297 1906
v 151 1333 1906
v 152 1344 1906
v 153 1356 1906
v 154 1368 1906
v 155 1350 1900
v 156 1339 1900
v 157 1327 1900
v 158 1315 1900
v 159 1285 1894
v 160 1274 1894
v 161 1262 1894
v 162 1250 1894
v 163 1238 1894
v 164 1143 1894
v 165 1132 1894
v 166 1120 1894
v 167 1108 1894
v 168 1096 1894
v 169 1279 1888
v 170 1291 1888
v 171 1303 1888
v 172 1315 1888
v 173 1415 1882
v 174 1404 1882
v 175 1392 1882
v 176 1380 1882
v 177 1297 1882
v 178 1285 1882
v 179 1120 1882
v 180 1108 1882
v 181 1096 1882
v 182 1084 1882
v 183 1327 1876
v 184 1339 1876
v 185 1350 1876
v 186 1362 1876
v 187 1374 1876
v 188 1386 1876
v 189 1368 1870
v 190 1356 1870
v 191 1344 1870
v 192 1333 1870
v 193 1238 1870
v 194 1226 1870
v 195 1214 1870
v 196 1203 1870
v 197 1191 1870
v 198 1179 1870
v 199 1167 1870
v 200 1155 1870
v 201 1143 1870
v 202 1132 1870
v 203 1220 1865
v 204 1232 1865
v 205 1244 1865
v 206 1256 1865
v 207 1268 1865
v 208 1279 1865
v 209 1291 1865
v 210 1303 1865
v 211 1658 1746
v 212 665 1746
v 213 670 1741
v 214 682 1741
v 215 694 1741
v 216 706 1741
v 217 718 1741
v 218 730 1741
v 219 1664 1741
v 220 1676 1741
v 221 1687 1741
v 222 1699 1741
v 223 1711 1741
v 224 1723 1741
v 225 1871 1723
v 226 1859 1723
v 227 877 1723
v 228 866 1723
v 229 783 1522
v 230 795 1522
v 231 806 1522
v 232 818 1522
v 233 830 1522
v 234 1776 1522
v 235 1788 1522
v 236 1800 1522
v 237 1811 1522
v 238 1823 1522
v 239 1238 1516
v 240 1226 1516
v 241 1214 1516
v 242 1203 1516
v 243 1191 1516
v 244 1179 1516
v 245 1167 1516
v 246 1155 1516
v 247 1143 1516
v 248 1132 1516
v 249 1120 1516
v 250 1108 1516
v 251 1096 1516
v 252 1084 1516
v 253 1073 1516
v 254 1061 1516
v 255 1049 1516
v 256 1037 1516
v 257 1025 1516
v 258 1013 1516
v 259 1002 1516
v 260 990 1516
v 261 978 1516
v 262 966 1516
v 263 954 1516
v 264 942 1516
v 265 931 1516
v 266 919 1516
v 267 907 1516
v 268 895 1516
v 269 883 1516
v 270 871 1516
v 271 860 1516
v 272 848 1516
v 273 836 1516
v 274 824 1516
v 275 812 1516
v 276 801 1516
v 277 789 1516
v 278 777 1516
v 279 765 1516
v 280 753 1516
v 281 741 1516
v 282 730 1516
v 283 718 1516
v 284 706 1516
v 285 694 1516
v 286 682 1516
v 287 670 1516
v 288 659 1516
v 289 647 1516
v 290 635 1516
v 291 623 1516
v 292 611 1516
v 293 600 1516
v 294 588 1516
v 295 576 1516
v 296 564 1516
v 297 552 1516
v 298 540 1516
v 299 529 1516
v 300 517 1516
v 301 505 1516
v 302 493 1516
v 303 481 1516
v 304 469 1516
v 305 458 1516
v 306 446 1516
v 307 434 1516
v 308 422 1516
v 309 410 1516
v 310 399 1516
v 311 387 1516
v 312 375 1516
v 313 363 1516
v 314 351 1516
v 315 369 1487
v 316 381 1487
v 317 393 1487
v 318 404 1487
v 319 416 1487
v 320 428 1487
v 321 440 1487
v 322 452 1487
v 323 464 1487
v 324 475 1487
v 325 487 1487
v 326 499 1487
v 327 511 1487
v 328 523 1487
v 329 535 1487
v 330 546 1487
v 331 558 1487
v 332 570 1487
v 333 582 1487
v 334 594 1487
v 335 605 1487
v 336 617 1487
v 337 629 1487
v 338 641 1487
v 339 653 1487
v 340 665 1487
v 341 676 1487
v 342 688 1487
v 343 700 1487
v 344 712 1487
v 345 724 1487
v 346 736 1487
v 347 747 1487
v 348 759 1487
v 349 771 1487
v 350 783 1487
v 351 795 1487
v 352 806 1487
v 353 818 1487
v 354 830 1487
v 355 842 1487
v 356 854 1487
v 357 866 1487
v 358 877 1487
v 359 889 1487
v 360 901 1487
v 361 913 1487
v 362 925 1487
v 363 937 1487
v 364 948 1487
v 365 960 1487
v 366 972 1487
v 367 984 1487
v 368 996 1487
v 369 1007 1487
v 370 1019 1487
v 371 1031 1487
v 372 1043 1487
v 373 1055 1487
v 374 1067 1487
v 375 1078 1487
v 376 1090 1487
v 377 1102 1487
v 378 1114 1487
v 379 1126 1487
v 380 1138 1487
v 381 1149 1487
v 382 1161 1487
v 383 1173 1487
v 384 1185 1487
v 385 1197 1487
v 386 1208 1487
v 387 2060 1475
v 388 2048 1475
v 389 2036 1475
v 390 2024 1475
v 391 2012 1475
v 392 2001 1475
v 393 1989 1475
v 394 1977 1475
v 395 1965 1475
v 396 1953 1475
v 397 1942 1475
v 398 1930 1475
v 399 1918 1475
v 400 1906 1475
v 401 1894 1475
v 402 1882 1475
v 403 1871 1475
v 404 1859 1475
v 405 1847 1475
v 406 1835 1475
v 407 1823 1475
v 408 1811 1475
v 409 1800 1475
v 410 1788 1475
v 411 1776 1475
v 412 1764 1475
v 413 1752 1475
v 414 1741 1475
v 415 1729 1475
v 416 1717 1475
v 417 1705 1475
v 418 1693 1475
v 419 1681 1475
v 420 1670 1475
v 421 1658 1475
v 422 1646 1475
v 423 1634 1475
v 424 1622 1475
v 425 1610 1475
v 426 1599 1475
v 427 1587 1475
v 428 1575 1475
v 429 1563 1475
v 430 1551 1475
v 431 1540 1475
v 432 1528 1475
v 433 1516 1475
v 434 1504 1475
v 435 1492 1475
v 436 1480 1475
v 437 1469 1475
v 438 1457 1475
v 439 1445 1475
v 440 1433 1475
v 441 1421 1475
v 442 1409 1475
v 443 1398 1475
v 444 1386 1475
v 445 1374 1475
v 446 1362 1475
v 447 1350 1475
v 448 1339 1475
v 449 1327 1475
v 450 1315 1475
v 451 1303 1475
v 452 1291 1475
v 453 1279 1475
v 454 1268 1475
v 455 1256 1475
v 456 1244 1475
v 457 1232 1475
v 458 1220 1475
v 459 1250 1445
v 460 1262 1445
v 461 1274 1445
v 462 1285 1445
v 463 1297 1445
v 464 1309 1445
v 465 1321 1445
v 466 1333 1445
v 467 1344 1445
v 468 1356 1445
v 469 1368 1445
v 470 1380 1445
v 471 1392 1445
v 472 1404 1445
v 473 1415 1445
v 474 1427 1445
v 475 1439 1445
v 476 1451 1445
v 477 1463 1445
v 478 1475 1445
v 479 1486 1445
v 480 1498 1445
v 481 1510 1445
v 482 1522 1445
v 483 1534 1445
v 484 1545 1445
v 485 1557 1445
v 486 1569 1445
v 487 1581 1445
v 488 1593 1445
v 489 1605 1445
v 490 1616 1445
v 491 1628 1445
v 492 1640 1445
v 493 1652 1445
v 494 1664 1445
v 495 1676 1445
v 496 1687 1445
v 497 1699 1445
v 498 1711 1445
v 499 1723 1445
v 500 1735 1445
v 501 1746 1445
v 502 1758 1445
v 503 1770 1445
v 504 1782 1445
v 505 1788 1416
v 506 1776 1416
v 507 1764 1416
v 508 1752 1416
v 509 1741 1416
v 510 1729 1416
v 511 1717 1416
v 512 1705 1416
v 513 1693 1416
v 514 1681 1416
v 515 1670 1416
v 516 1658 1416
v 517 1646 1416
v 518 1362 1416
v 519 1350 1416
v 520 1339 1416
v 521 1327 1416
v 522 1315 1416
v 523 1303 1416
v 524 1291 1416
v 525 1368 1410
v 526 1380 1410
v 527 1392 1410
v 528 1404 1410
v 529 1415 1410
v 530 1427 1410
v 531 1439 1410
v 532 1451 1410
v 533 1463 1410
v 534 1475 1410
v 535 1486 1410
v 536 1498 1410
v 537 1510 1410
v 538 1522 1410
v 539 1534 1410
v 540 1545 1410
v 541 1557 1410
v 542 1569 1410
v 543 1581 1410
v 544 1593 1410
v 545 1605 1410
v 546 1616 1410
v 547 1628 1410
v 548 1640 1410
v 549 1652 1410
v 550 1664 1410
v 551 1676 1410
v 552 1687 1410
v 553 1699 1410
v 554 1711 1410
v 555 1723 1410
v 556 1735 1410
v 557 1746 1410
v 558 1758 1410
v 559 1770 1410
v 560 1782 1410
v 561 1794 1410
v 562 1806 1410
v 563 1817 1410
v 564 1829 1410
v 565 1841 1410
v 566 1794 1398
v 567 1782 1398
v 568 1770 1398
v 569 1758 1398
v 570 1746 1398
v 571 1735 1398
v 572 1723 1398
v 573 1711 1398
v 574 1699 1398
v 575 1687 1398
v 576 1676 1398
v 577 1664 1398
v 578 1652 1398
v 579 1640 1398
v 580 1788 1392
v 581 1800 1392
v 582 1811 1392
v 583 1811 1274
v 584 1800 1274
v 585 1788 1274
v 586 1776 1274
v 587 1764 1274
v 588 1752 1274
v 589 1741 1274
v 590 1729 1274
v 591 1717 1274
v 592 1705 1274
v 593 1693 1274
v 594 1681 1274
v 595 1670 1274
v 596 1658 1274
v 597 1646 1274
v 598 1634 1274
v 599 1622 1274
v 600 1610 1274
v 601 1599 1274
v 602 1587 1274
v 603 1575 1274
v 604 1563 1274
v 605 1551 1274
q 500
