c fl3795.tsp dataset with optimal solution: 28772
p 3795
v 1 2104 1968
v 2 1401 1968
v 3 295 1968
v 4 1235 1956
v 5 1347 1962
v 6 1401 1944
v 7 1211 1944
v 8 1211 1932
v 9 1353 1932
v 10 1300 1927
v 11 1176 1921
v 12 1211 1921
v 13 1377 1921
v 14 1330 1909
v 15 1306 1909
v 16 1235 1909
v 17 1152 1909
v 18 1152 1897
v 19 1235 1897
v 20 1306 1897
v 21 1377 1885
v 22 1306 1885
v 23 1129 1885
v 24 1129 1873
v 25 1377 1873
v 26 1667 1749
v 27 673 1749
v 28 738 1743
v 29 1732 1743
v 30 1850 1720
v 31 857 1720
v 32 366 1490
v 33 774 1519
v 34 1247 1519
v 35 1767 1519
v 36 2069 1478
v 37 1371 1419
v 38 1117 1247
v 39 1235 1247
v 40 1235 1271
v 41 1779 1389
v 42 1791 1413
v 43 1850 1413
v 44 1377 1224
v 45 1235 1224
v 46 331 1147
v 47 1755 1153
v 48 1743 1141
v 49 1229 1005
v 50 1217 994
v 51 1140 799
v 52 1200 799
v 53 1223 799
v 54 1247 799
v 55 1341 799
v 56 1377 799
v 57 1170 793
v 58 1200 787
v 59 1223 787
v 60 1330 787
v 61 1347 781
v 62 1182 781
v 63 1176 775
v 64 1223 775
v 65 1330 775
v 66 1324 769
v 67 1276 769
v 68 1194 769
v 69 1140 763
v 70 1200 763
v 71 1294 763
v 72 1341 763
v 73 1247 751
v 74 1223 539
v 75 1365 598
v 76 2104 232
v 77 295 232
v 78 1208 1959
v 79 1220 1959
v 80 1232 1959
v 81 1244 1959
v 82 1256 1959
v 83 1291 1959
v 84 1303 1959
v 85 1374 1971
v 86 1386 1971
v 87 1398 1971
v 88 1309 1953
v 89 1297 1953
v 90 1179 1941
v 91 1191 1941
v 92 1203 1941
v 93 1344 1941
v 94 1356 1941
v 95 1368 1941
v 96 1380 1941
v 97 1392 1941
v 98 1268 1935
v 99 1256 1935
v 100 1244 1935
v 101 1232 1935
v 102 1220 1935
v 103 1161 1935
v 104 1149 1935
v 105 1138 1935
v 106 1126 1935
v 107 1114 1935
v 108 1132 1929
v 109 1143 1929
v 110 1155 1929
v 111 1167 1929
v 112 1179 1929
v 113 1309 1929
v 114 1321 1929
v 115 1333 1929
v 116 1344 1929
v 117 1362 1924
v 118 1350 1924
v 119 1339 1924
v 120 1327 1924
v 121 1315 1924
v 122 1303 1924
v 123 1220 1924
v 124 1208 1924
v 125 1197 1924
v 126 1185 1924
v 127 1203 1918
v 128 1274 1918
v 129 1285 1918
v 130 1297 1918
v 131 1309 1918
v 132 1380 1918
v 133 1392 1918
v 134 1404 1918
v 135 1415 1918
v 136 1232 1912
v 137 1220 1912
v 138 1208 1912
v 139 1197 1912
v 140 1073 1906
v 141 1084 1906
v 142 1096 1906
v 143 1108 1906
v 144 1120 1906
v 145 1132 1906
v 146 1143 1906
v 147 1262 1906
v 148 1274 1906
v 149 1285 1906
v 150 1297 1906
v 151 1333 1906
v 152 1344 1906
v 153 1356 1906
v 154 1368 1906
v 155 1350 1900
v 156 1339 1900
v 157 1327 1900
v 158 1315 1900
v 159 1285 1894
v 160 1274 1894
v 161 1262 1894
v 162 1250 1894
v 163 1238 1894
v 164 1143 1894
v 165 1132 1894
v 166 1120 1894
v 167 1108 1894
v 168 1096 1894
v 169 1279 1888
v 170 1291 1888
v 171 1303 1888
v 172 1315 1888
v 173 1415 1882
v 174 1404 1882
v 175 1392 1882
v 176 1380 1882
v 177 1297 1882
v 178 1285 1882
v 179 1120 1882
v 180 1108 1882
v 181 1096 1882
v 182 1084 1882
v 183 1327 1876
v 184 1339 1876
v 185 1350 1876
v 186 1362 1876
v 187 1374 1876
v 188 1386 1876
v 189 1368 1870
v 190 1356 1870
v 191 1344 1870
v 192 1333 1870
v 193 1238 1870
v 194 1226 1870
v 195 1214 1870
v 196 1203 1870
v 197 1191 1870
v 198 1179 1870
v 199 1167 1870
v 200 1155 1870
v 201 1143 1870
v 202 1132 1870
v 203 1220 1865
v 204 1232 1865
v 205 1244 1865
v 206 1256 1865
v 207 1268 1865
v 208 1279 1865
v 209 1291 1865
v 210 1303 1865
v 211 1658 1746
v 212 665 1746
v 213 670 1741
v 214 682 1741
v 215 694 1741
v 216 706 1741
v 217 718 1741
v 218 730 1741
v 219 1664 1741
v 220 1676 1741
v 221 1687 1741
v 222 1699 1741
v 223 1711 1741
v 224 1723 1741
v 225 1871 1723
v 226 1859 1723
v 227 877 1723
v 228 866 1723
v 229 783 1522
v 230 795 1522
v 231 806 1522
v 232 818 1522
v 233 830 1522
v 234 1776 1522
v 235 1788 1522
v 236 1800 1522
v 237 1811 1522
v 238 1823 1522
v 239 1238 1516
v 240 1226 1516
v 241 1214 1516
v 242 1203 1516
v 243 1191 1516
v 244 1179 1516
v 245 1167 1516
v 246 1155 1516
v 247 1143 1516
v 248 1132 1516
v 249 1120 1516
v 250 1108 1516
v 251 1096 1516
v 252 1084 1516
v 253 1073 1516
v 254 1061 1516
v 255 1049 1516
v 256 1037 1516
v 257 1025 1516
v 258 1013 1516
v 259 1002 1516
v 260 990 1516
v 261 978 1516
v 262 966 1516
v 263 954 1516
v 264 942 1516
v 265 931 1516
v 266 919 1516
v 267 907 1516
v 268 895 1516
v 269 883 1516
v 270 871 1516
v 271 860 1516
v 272 848 1516
v 273 836 1516
v 274 824 1516
v 275 812 1516
v 276 801 1516
v 277 789 1516
v 278 777 1516
v 279 765 1516
v 280 753 1516
v 281 741 1516
v 282 730 1516
v 283 718 1516
v 284 706 1516
v 285 694 1516
v 286 682 1516
v 287 670 1516
v 288 659 1516
v 289 647 1516
v 290 635 1516
v 291 623 1516
v 292 611 1516
v 293 600 1516
v 294 588 1516
v 295 576 1516
v 296 564 1516
v 297 552 1516
v 298 540 1516
v 299 529 1516
v 300 517 1516
v 301 505 1516
v 302 493 1516
v 303 481 1516
v 304 469 1516
v 305 458 1516
v 306 446 1516
v 307 434 1516
v 308 422 1516
v 309 410 1516
v 310 399 1516
v 311 387 1516
v 312 375 1516
v 313 363 1516
v 314 351 1516
v 315 369 1487
v 316 381 1487
v 317 393 1487
v 318 404 1487
v 319 416 1487
v 320 428 1487
v 321 440 1487
v 322 452 1487
v 323 464 1487
v 324 475 1487
v 325 487 1487
v 326 499 1487
v 327 511 1487
v 328 523 1487
v 329 535 1487
v 330 546 1487
v 331 558 1487
v 332 570 1487
v 333 582 1487
v 334 594 1487
v 335 605 1487
v 336 617 1487
v 337 629 1487
v 338 641 1487
v 339 653 1487
v 340 665 1487
v 341 676 1487
v 342 688 1487
v 343 700 1487
v 344 712 1487
v 345 724 1487
v 346 736 1487
v 347 747 1487
v 348 759 1487
v 349 771 1487
v 350 783 1487
v 351 795 1487
v 352 806 1487
v 353 818 1487
v 354 830 1487
v 355 842 1487
v 356 854 1487
v 357 866 1487
v 358 877 1487
v 359 889 1487
v 360 901 1487
v 361 913 1487
v 362 925 1487
v 363 937 1487
v 364 948 1487
v 365 960 1487
v 366 972 1487
v 367 984 1487
v 368 996 1487
v 369 1007 1487
v 370 1019 1487
v 371 1031 1487
v 372 1043 1487
v 373 1055 1487
v 374 1067 1487
v 375 1078 1487
v 376 1090 1487
v 377 1102 1487
v 378 1114 1487
v 379 1126 1487
v 380 1138 1487
v 381 1149 1487
v 382 1161 1487
v 383 1173 1487
v 384 1185 1487
v 385 1197 1487
v 386 1208 1487
v 387 2060 1475
v 388 2048 1475
v 389 2036 1475
v 390 2024 1475
v 391 2012 1475
v 392 2001 1475
v 393 1989 1475
v 394 1977 1475
v 395 1965 1475
v 396 1953 1475
v 397 1942 1475
v 398 1930 1475
v 399 1918 1475
v 400 1906 1475
v 401 1894 1475
v 402 1882 1475
v 403 1871 1475
v 404 1859 1475
v 405 1847 1475
v 406 1835 1475
v 407 1823 1475
v 408 1811 1475
v 409 1800 1475
v 410 1788 1475
v 411 1776 1475
v 412 1764 1475
v 413 1752 1475
v 414 1741 1475
v 415 1729 1475
v 416 1717 1475
v 417 1705 1475
v 418 1693 1475
v 419 1681 1475
v 420 1670 1475
v 421 1658 1475
v 422 1646 1475
v 423 1634 1475
v 424 1622 1475
v 425 1610 1475
v 426 1599 1475
v 427 1587 1475
v 428 1575 1475
v 429 1563 1475
v 430 1551 1475
v 431 1540 1475
v 432 1528 1475
v 433 1516 1475
v 434 1504 1475
v 435 1492 1475
v 436 1480 1475
v 437 1469 1475
v 438 1457 1475
v 439 1445 1475
v 440 1433 1475
v 441 1421 1475
v 442 1409 1475
v 443 1398 1475
v 444 1386 1475
v 445 1374 1475
v 446 1362 1475
v 447 1350 1475
v 448 1339 1475
v 449 1327 1475
v 450 1315 1475
v 451 1303 1475
v 452 1291 1475
v 453 1279 1475
v 454 1268 1475
v 455 1256 1475
v 456 1244 1475
v 457 1232 1475
v 458 1220 1475
v 459 1250 1445
v 460 1262 1445
v 461 1274 1445
v 462 1285 1445
v 463 1297 1445
v 464 1309 1445
v 465 1321 1445
v 466 1333 1445
v 467 1344 1445
v 468 1356 1445
v 469 1368 1445
v 470 1380 1445
v 471 1392 1445
v 472 1404 1445
v 473 1415 1445
v 474 1427 1445
v 475 1439 1445
v 476 1451 1445
v 477 1463 1445
v 478 1475 1445
v 479 1486 1445
v 480 1498 1445
v 481 1510 1445
v 482 1522 1445
v 483 1534 1445
v 484 1545 1445
v 485 1557 1445
v 486 1569 1445
v 487 1581 1445
v 488 1593 1445
v 489 1605 1445
v 490 1616 1445
v 491 1628 1445
v 492 1640 1445
v 493 1652 1445
v 494 1664 1445
v 495 1676 1445
v 496 1687 1445
v 497 1699 1445
v 498 1711 1445
v 499 1723 1445
v 500 1735 1445
v 501 1746 1445
v 502 1758 1445
v 503 1770 1445
v 504 1782 1445
v 505 1788 1416
v 506 1776 1416
v 507 1764 1416
v 508 1752 1416
v 509 1741 1416
v 510 1729 1416
v 511 1717 1416
v 512 1705 1416
v 513 1693 1416
v 514 1681 1416
v 515 1670 1416
v 516 1658 1416
v 517 1646 1416
v 518 1362 1416
v 519 1350 1416
v 520 1339 1416
v 521 1327 1416
v 522 1315 1416
v 523 1303 1416
v 524 1291 1416
v 525 1368 1410
v 526 1380 1410
v 527 1392 1410
v 528 1404 1410
v 529 1415 1410
v 530 1427 1410
v 531 1439 1410
v 532 1451 1410
v 533 1463 1410
v 534 1475 1410
v 535 1486 1410
v 536 1498 1410
v 537 1510 1410
v 538 1522 1410
v 539 1534 1410
v 540 1545 1410
v 541 1557 1410
v 542 1569 1410
v 543 1581 1410
v 544 1593 1410
v 545 1605 1410
v 546 1616 1410
v 547 1628 1410
v 548 1640 1410
v 549 1652 1410
v 550 1664 1410
v 551 1676 1410
v 552 1687 1410
v 553 1699 1410
v 554 1711 1410
v 555 1723 1410
v 556 1735 1410
v 557 1746 1410
v 558 1758 1410
v 559 1770 1410
v 560 1782 1410
v 561 1794 1410
v 562 1806 1410
v 563 1817 1410
v 564 1829 1410
v 565 1841 1410
v 566 1794 1398
v 567 1782 1398
v 568 1770 1398
v 569 1758 1398
v 570 1746 1398
v 571 1735 1398
v 572 1723 1398
v 573 1711 1398
v 574 1699 1398
v 575 1687 1398
v 576 1676 1398
v 577 1664 1398
v 578 1652 1398
v 579 1640 1398
v 580 1788 1392
v 581 1800 1392
v 582 1811 1392
v 583 1811 1274
v 584 1800 1274
v 585 1788 1274
v 586 1776 1274
v 587 1764 1274
v 588 1752 1274
v 589 1741 1274
v 590 1729 1274
v 591 1717 1274
v 592 1705 1274
v 593 1693 1274
v 594 1681 1274
v 595 1670 1274
v 596 1658 1274
v 597 1646 1274
v 598 1634 1274
v 599 1622 1274
v 600 1610 1274
v 601 1599 1274
v 602 1587 1274
v 603 1575 1274
v 604 1563 1274
v 605 1551 1274
v 606 1540 1274
v 607 1528 1274
v 608 1516 1274
v 609 1504 1274
v 610 1492 1274
v 611 1480 1274
v 612 1469 1274
v 613 1457 1274
v 614 1445 1274
v 615 1433 1274
v 616 1421 1274
v 617 1409 1274
v 618 1398 1274
v 619 1386 1274
v 620 1374 1274
v 621 1362 1274
v 622 1350 1274
v 623 1339 1274
v 624 1327 1274
v 625 1315 1274
v 626 1303 1274
v 627 1291 1274
v 628 1279 1274
v 629 1268 1274
v 630 1256 1274
v 631 1244 1274
v 632 1126 1250
v 633 1138 1250
v 634 1149 1250
v 635 1161 1250
v 636 1173 1250
v 637 1185 1250
v 638 1197 1250
v 639 1208 1250
v 640 1220 1250
v 641 1232 1250
v 642 1244 1250
v 643 1256 1250
v 644 1268 1250
v 645 1279 1250
v 646 1291 1250
v 647 1303 1250
v 648 1315 1250
v 649 1327 1250
v 650 1339 1250
v 651 1350 1250
v 652 1362 1250
v 653 1374 1250
v 654 1386 1250
v 655 1398 1250
v 656 1409 1250
v 657 1421 1250
v 658 1433 1250
v 659 1445 1250
v 660 1457 1250
v 661 1469 1250
v 662 1480 1250
v 663 1492 1250
v 664 1504 1250
v 665 1516 1250
v 666 1528 1250
v 667 1540 1250
v 668 1551 1250
v 669 1563 1250
v 670 1575 1250
v 671 1587 1250
v 672 1599 1250
v 673 1610 1250
v 674 1622 1250
v 675 1634 1250
v 676 1646 1250
v 677 1658 1250
v 678 1670 1250
v 679 1681 1250
v 680 1693 1250
v 681 1705 1250
v 682 1717 1250
v 683 1729 1250
v 684 1741 1250
v 685 1806 1244
v 686 1794 1244
v 687 1782 1244
v 688 1770 1244
v 689 1758 1244
v 690 1746 1244
v 691 1735 1244
v 692 1723 1244
v 693 1711 1244
v 694 1699 1244
v 695 1687 1244
v 696 1676 1244
v 697 1664 1244
v 698 1652 1244
v 699 1640 1244
v 700 1628 1244
v 701 1616 1244
v 702 1605 1244
v 703 1593 1244
v 704 1581 1244
v 705 1569 1244
v 706 1557 1244
v 707 1545 1244
v 708 1534 1244
v 709 1522 1244
v 710 1510 1244
v 711 1498 1244
v 712 1486 1244
v 713 1475 1244
v 714 1463 1244
v 715 1451 1244
v 716 1439 1244
v 717 1427 1244
v 718 1415 1244
v 719 1404 1244
v 720 1392 1244
v 721 1380 1244
v 722 1368 1244
v 723 1356 1244
v 724 1344 1244
v 725 1333 1244
v 726 1321 1244
v 727 1309 1244
v 728 1297 1244
v 729 1285 1244
v 730 1274 1244
v 731 1262 1244
v 732 1250 1244
v 733 1238 1244
v 734 1244 1227
v 735 1256 1227
v 736 1268 1227
v 737 1279 1227
v 738 1291 1227
v 739 1303 1227
v 740 1315 1227
v 741 1327 1227
v 742 1339 1227
v 743 1350 1227
v 744 1362 1227
v 745 1374 1227
v 746 1386 1227
v 747 1398 1227
v 748 1409 1227
v 749 1421 1227
v 750 1433 1227
v 751 1445 1227
v 752 1457 1227
v 753 1469 1227
v 754 1480 1227
v 755 1492 1227
v 756 1504 1227
v 757 1516 1227
v 758 1528 1227
v 759 1540 1227
v 760 1551 1227
v 761 1563 1227
v 762 1575 1227
v 763 1587 1227
v 764 1599 1227
v 765 1610 1227
v 766 1622 1227
v 767 1634 1227
v 768 1646 1227
v 769 1658 1227
v 770 1670 1227
v 771 1681 1227
v 772 1693 1227
v 773 1705 1227
v 774 1717 1227
v 775 1729 1227
v 776 1741 1227
v 777 1752 1227
v 778 1764 1227
v 779 1776 1227
v 780 1788 1227
v 781 1853 1221
v 782 1841 1221
v 783 1829 1221
v 784 1817 1221
v 785 1806 1221
v 786 1794 1221
v 787 1782 1221
v 788 1770 1221
v 789 1758 1221
v 790 1746 1221
v 791 1735 1221
v 792 1723 1221
v 793 1711 1221
v 794 1699 1221
v 795 1687 1221
v 796 1676 1221
v 797 1664 1221
v 798 1652 1221
v 799 1640 1221
v 800 1628 1221
v 801 1616 1221
v 802 1605 1221
v 803 1593 1221
v 804 1581 1221
v 805 1569 1221
v 806 1557 1221
v 807 1545 1221
v 808 1534 1221
v 809 1522 1221
v 810 1510 1221
v 811 1498 1221
v 812 1486 1221
v 813 1475 1221
v 814 1463 1221
v 815 1451 1221
v 816 1439 1221
v 817 1427 1221
v 818 1415 1221
v 819 1404 1221
v 820 1392 1221
v 821 1380 1221
v 822 1138 1156
v 823 1149 1156
v 824 1161 1156
v 825 1173 1156
v 826 1185 1156
v 827 1197 1156
v 828 1208 1156
v 829 1220 1156
v 830 1232 1156
v 831 1244 1156
v 832 1256 1156
v 833 1268 1156
v 834 1279 1156
v 835 1291 1156
v 836 1303 1156
v 837 1315 1156
v 838 1327 1156
v 839 1339 1156
v 840 1350 1156
v 841 1362 1156
v 842 1374 1156
v 843 1386 1156
v 844 1398 1156
v 845 1409 1156
v 846 1421 1156
v 847 1433 1156
v 848 1445 1156
v 849 1457 1156
v 850 1469 1156
v 851 1480 1156
v 852 1492 1156
v 853 1504 1156
v 854 1516 1156
v 855 1528 1156
v 856 1540 1156
v 857 1551 1156
v 858 1563 1156
v 859 1575 1156
v 860 1587 1156
v 861 1599 1156
v 862 1610 1156
v 863 1622 1156
v 864 1634 1156
v 865 1646 1156
v 866 1658 1156
v 867 1670 1156
v 868 1681 1156
v 869 1693 1156
v 870 1705 1156
v 871 1717 1156
v 872 1729 1156
v 873 1741 1156
v 874 1752 1156
v 875 1226 1150
v 876 1214 1150
v 877 1203 1150
v 878 1191 1150
v 879 1179 1150
v 880 1167 1150
v 881 1155 1150
v 882 1143 1150
v 883 1132 1150
v 884 1120 1150
v 885 1108 1150
v 886 1096 1150
v 887 1084 1150
v 888 1073 1150
v 889 1061 1150
v 890 1049 1150
v 891 1037 1150
v 892 1025 1150
v 893 1013 1150
v 894 1002 1150
v 895 990 1150
v 896 978 1150
v 897 966 1150
v 898 954 1150
v 899 942 1150
v 900 931 1150
v 901 919 1150
v 902 907 1150
v 903 895 1150
v 904 883 1150
v 905 871 1150
v 906 860 1150
v 907 848 1150
v 908 836 1150
v 909 824 1150
v 910 812 1150
v 911 801 1150
v 912 789 1150
v 913 777 1150
v 914 765 1150
v 915 753 1150
v 916 741 1150
v 917 730 1150
v 918 718 1150
v 919 706 1150
v 920 694 1150
v 921 682 1150
v 922 670 1150
v 923 659 1150
v 924 647 1150
v 925 635 1150
v 926 623 1150
v 927 611 1150
v 928 600 1150
v 929 588 1150
v 930 576 1150
v 931 564 1150
v 932 552 1150
v 933 540 1150
v 934 529 1150
v 935 517 1150
v 936 505 1150
v 937 493 1150
v 938 481 1150
v 939 469 1150
v 940 458 1150
v 941 446 1150
v 942 434 1150
v 943 422 1150
v 944 410 1150
v 945 399 1150
v 946 387 1150
v 947 375 1150
v 948 363 1150
v 949 351 1150
v 950 339 1150
v 951 1126 1144
v 952 1138 1144
v 953 1149 1144
v 954 1161 1144
v 955 1173 1144
v 956 1185 1144
v 957 1197 1144
v 958 1208 1144
v 959 1220 1144
v 960 1232 1144
v 961 1244 1144
v 962 1256 1144
v 963 1268 1144
v 964 1279 1144
v 965 1291 1144
v 966 1303 1144
v 967 1315 1144
v 968 1327 1144
v 969 1339 1144
v 970 1350 1144
v 971 1362 1144
v 972 1374 1144
v 973 1386 1144
v 974 1398 1144
v 975 1409 1144
v 976 1421 1144
v 977 1433 1144
v 978 1445 1144
v 979 1457 1144
v 980 1469 1144
v 981 1480 1144
v 982 1492 1144
v 983 1504 1144
v 984 1516 1144
v 985 1528 1144
v 986 1540 1144
v 987 1551 1144
v 988 1563 1144
v 989 1575 1144
v 990 1587 1144
v 991 1599 1144
v 992 1610 1144
v 993 1622 1144
v 994 1634 1144
v 995 1646 1144
v 996 1658 1144
v 997 1670 1144
v 998 1681 1144
v 999 1693 1144
v 1000 1705 1144
v 1001 1717 1144
v 1002 1729 1144
v 1003 1741 1144
v 1004 1220 1002
v 1005 1208 1002
v 1006 1197 1002
v 1007 1185 1002
v 1008 1173 1002
v 1009 1226 996
v 1010 1238 996
v 1011 1250 996
v 1012 1409 802
v 1013 1398 802
v 1014 1386 802
v 1015 1374 802
v 1016 1362 802
v 1017 1350 802
v 1018 1303 802
v 1019 1291 802
v 1020 1279 802
v 1021 1268 802
v 1022 1256 802
v 1023 1220 802
v 1024 1208 802
v 1025 1197 802
v 1026 1185 802
v 1027 1173 802
v 1028 1138 802
v 1029 1126 802
v 1030 1114 802
v 1031 1102 802
v 1032 1090 802
v 1033 1078 802
v 1034 1084 796
v 1035 1096 796
v 1036 1108 796
v 1037 1120 796
v 1038 1132 796
v 1039 1143 796
v 1040 1155 796
v 1041 1167 796
v 1042 1179 796
v 1043 1191 796
v 1044 1226 796
v 1045 1238 796
v 1046 1250 796
v 1047 1262 796
v 1048 1274 796
v 1049 1285 796
v 1050 1344 796
v 1051 1356 796
v 1052 1368 796
v 1053 1386 790
v 1054 1374 790
v 1055 1362 790
v 1056 1350 790
v 1057 1339 790
v 1058 1268 790
v 1059 1256 790
v 1060 1244 790
v 1061 1232 790
v 1062 1161 790
v 1063 1149 790
v 1064 1138 790
v 1065 1126 790
v 1066 1203 784
v 1067 1214 784
v 1068 1226 784
v 1069 1238 784
v 1070 1285 784
v 1071 1297 784
v 1072 1309 784
v 1073 1321 784
v 1074 1333 784
v 1075 1344 784
v 1076 1374 778
v 1077 1362 778
v 1078 1350 778
v 1079 1256 778
v 1080 1244 778
v 1081 1232 778
v 1082 1173 778
v 1083 1161 778
v 1084 1149 778
v 1085 1138 778
v 1086 1126 778
v 1087 1114 778
v 1088 1102 778
v 1089 1090 778
v 1090 1078 778
v 1091 1067 778
v 1092 1055 778
v 1093 1043 778
v 1094 1031 778
v 1095 1019 778
v 1096 1007 778
v 1097 996 778
v 1098 984 778
v 1099 972 778
v 1100 960 778
v 1101 948 778
v 1102 937 778
v 1103 925 778
v 1104 913 778
v 1105 901 778
v 1106 889 778
v 1107 877 778
v 1108 866 778
v 1109 854 778
v 1110 842 778
v 1111 830 778
v 1112 818 778
v 1113 806 778
v 1114 795 778
v 1115 783 778
v 1116 771 778
v 1117 759 778
v 1118 747 778
v 1119 736 778
v 1120 1167 772
v 1121 1285 772
v 1122 1297 772
v 1123 1309 772
v 1124 1321 772
v 1125 1333 772
v 1126 1344 772
v 1127 1356 772
v 1128 1368 772
v 1129 1380 772
v 1130 1392 772
v 1131 1404 772
v 1132 1415 772
v 1133 1327 766
v 1134 1315 766
v 1135 1232 766
v 1136 1220 766
v 1137 1208 766
v 1138 1197 766
v 1139 1096 760
v 1140 1108 760
v 1141 1120 760
v 1142 1132 760
v 1143 1203 760
v 1144 1214 760
v 1145 1226 760
v 1146 1238 760
v 1147 1262 760
v 1148 1274 760
v 1149 1285 760
v 1150 1344 760
v 1151 1327 754
v 1152 1315 754
v 1153 1208 754
v 1154 1197 754
v 1155 1149 754
v 1156 1138 754
v 1157 1132 748
v 1158 1143 748
v 1159 1155 748
v 1160 1226 748
v 1161 1238 748
v 1162 1362 743
v 1163 1279 743
v 1164 1268 743
v 1165 1161 731
v 1166 1149 731
v 1167 1138 731
v 1168 1126 731
v 1169 1114 731
v 1170 1380 725
v 1171 1392 725
v 1172 1404 725
v 1173 1398 719
v 1174 1386 719
v 1175 1374 719
v 1176 1362 719
v 1177 789 548
v 1178 801 548
v 1179 812 548
v 1180 824 548
v 1181 836 548
v 1182 848 548
v 1183 860 548
v 1184 871 548
v 1185 883 548
v 1186 895 548
v 1187 907 548
v 1188 919 548
v 1189 931 548
v 1190 942 548
v 1191 954 548
v 1192 966 548
v 1193 978 548
v 1194 990 548
v 1195 1002 548
v 1196 1013 548
v 1197 1025 548
v 1198 1037 548
v 1199 1049 548
v 1200 1061 548
v 1201 1073 548
v 1202 1084 548
v 1203 1096 548
v 1204 1108 548
v 1205 1120 548
v 1206 1132 548
v 1207 1143 548
v 1208 1155 548
v 1209 1167 548
v 1210 1179 548
v 1211 1191 548
v 1212 1203 548
v 1213 1214 548
v 1214 1226 548
v 1215 1374 601
v 1216 1386 601
v 1217 1398 601
v 1218 1409 601
v 1219 1421 601
v 1220 1433 601
v 1221 1445 601
v 1222 1457 601
v 1223 1469 601
v 1224 1480 601
v 1225 1492 601
v 1226 1504 601
v 1227 1516 601
v 1228 1528 601
v 1229 1540 601
v 1230 1551 601
v 1231 1563 601
v 1232 1575 601
v 1233 1587 601
v 1234 1599 601
v 1235 1610 601
v 1236 1622 601
v 1237 1634 601
v 1238 1646 601
v 1239 1658 601
v 1240 1670 601
v 1241 1681 601
v 1242 1693 601
v 1243 1705 601
v 1244 1717 601
v 1245 1729 601
v 1246 1741 601
v 1247 1752 601
v 1248 1764 601
v 1249 1776 601
v 1250 1788 601
v 1251 1800 601
v 1252 1811 601
v 1253 1823 601
v 1254 1835 601
v 1255 1847 601
v 1256 1859 601
v 1257 1871 601
v 1258 1882 601
v 1259 1894 601
v 1260 1906 601
v 1261 1918 601
v 1262 1930 601
v 1263 1942 601
v 1264 1953 601
v 1265 1965 601
v 1266 1977 601
v 1267 1989 601
v 1268 2001 601
v 1269 2012 601
v 1270 2024 601
v 1271 2036 601
v 1272 2048 601
v 1273 2060 601
v 1274 2072 601
v 1275 2083 601
v 1276 1214 536
v 1277 1203 536
v 1278 1191 536
v 1279 1179 536
v 1280 1214 1959
v 1281 1226 1959
v 1282 1238 1959
v 1283 1250 1959
v 1284 1262 1959
v 1285 1285 1959
v 1286 1297 1959
v 1287 1350 1965
v 1288 1380 1971
v 1289 1392 1971
v 1290 1303 1953
v 1291 1173 1941
v 1292 1185 1941
v 1293 1197 1941
v 1294 1208 1941
v 1295 1339 1941
v 1296 1350 1941
v 1297 1362 1941
v 1298 1374 1941
v 1299 1386 1941
v 1300 1398 1941
v 1301 1262 1935
v 1302 1250 1935
v 1303 1238 1935
v 1304 1226 1935
v 1305 1214 1935
v 1306 1155 1935
v 1307 1143 1935
v 1308 1132 1935
v 1309 1120 1935
v 1310 1108 1935
v 1311 1138 1929
v 1312 1149 1929
v 1313 1161 1929
v 1314 1173 1929
v 1315 1185 1929
v 1316 1303 1929
v 1317 1315 1929
v 1318 1327 1929
v 1319 1339 1929
v 1320 1350 1929
v 1321 1356 1924
v 1322 1344 1924
v 1323 1333 1924
v 1324 1321 1924
v 1325 1309 1924
v 1326 1214 1924
v 1327 1203 1924
v 1328 1191 1924
v 1329 1179 1924
v 1330 1197 1918
v 1331 1208 1918
v 1332 1279 1918
v 1333 1291 1918
v 1334 1303 1918
v 1335 1386 1918
v 1336 1398 1918
v 1337 1409 1918
v 1338 1226 1912
v 1339 1214 1912
v 1340 1203 1912
v 1341 1191 1912
v 1342 1078 1906
v 1343 1090 1906
v 1344 1102 1906
v 1345 1114 1906
v 1346 1126 1906
v 1347 1138 1906
v 1348 1149 1906
v 1349 1256 1906
v 1350 1268 1906
v 1351 1279 1906
v 1352 1291 1906
v 1353 1303 1906
v 1354 1339 1906
v 1355 1350 1906
v 1356 1362 1906
v 1357 1344 1900
v 1358 1333 1900
v 1359 1321 1900
v 1360 1309 1900
v 1361 1279 1894
v 1362 1268 1894
v 1363 1256 1894
v 1364 1244 1894
v 1365 1149 1894
v 1366 1138 1894
v 1367 1126 1894
v 1368 1114 1894
v 1369 1102 1894
v 1370 1090 1894
v 1371 1285 1888
v 1372 1297 1888
v 1373 1309 1888
v 1374 1321 1888
v 1375 1409 1882
v 1376 1398 1882
v 1377 1386 1882
v 1378 1303 1882
v 1379 1291 1882
v 1380 1279 1882
v 1381 1126 1882
v 1382 1114 1882
v 1383 1102 1882
v 1384 1090 1882
v 1385 1333 1876
v 1386 1344 1876
v 1387 1356 1876
v 1388 1368 1876
v 1389 1380 1876
v 1390 1374 1870
v 1391 1362 1870
v 1392 1350 1870
v 1393 1339 1870
v 1394 1327 1870
v 1395 1244 1870
v 1396 1232 1870
v 1397 1220 1870
v 1398 1208 1870
v 1399 1197 1870
v 1400 1185 1870
v 1401 1173 1870
v 1402 1161 1870
v 1403 1149 1870
v 1404 1138 1870
v 1405 1214 1865
v 1406 1226 1865
v 1407 1238 1865
v 1408 1250 1865
v 1409 1262 1865
v 1410 1274 1865
v 1411 1285 1865
v 1412 1297 1865
v 1413 1309 1865
v 1414 1664 1746
v 1415 670 1746
v 1416 676 1741
v 1417 688 1741
v 1418 700 1741
v 1419 712 1741
v 1420 724 1741
v 1421 736 1741
v 1422 1670 1741
v 1423 1681 1741
v 1424 1693 1741
v 1425 1705 1741
v 1426 1717 1741
v 1427 1729 1741
v 1428 1865 1723
v 1429 1853 1723
v 1430 871 1723
v 1431 860 1723
v 1432 777 1522
v 1433 789 1522
v 1434 801 1522
v 1435 812 1522
v 1436 824 1522
v 1437 1770 1522
v 1438 1782 1522
v 1439 1794 1522
v 1440 1806 1522
v 1441 1817 1522
v 1442 1244 1516
v 1443 1232 1516
v 1444 1220 1516
v 1445 1208 1516
v 1446 1197 1516
v 1447 1185 1516
v 1448 1173 1516
v 1449 1161 1516
v 1450 1149 1516
v 1451 1138 1516
v 1452 1126 1516
v 1453 1114 1516
v 1454 1102 1516
v 1455 1090 1516
v 1456 1078 1516
v 1457 1067 1516
v 1458 1055 1516
v 1459 1043 1516
v 1460 1031 1516
v 1461 1019 1516
v 1462 1007 1516
v 1463 996 1516
v 1464 984 1516
v 1465 972 1516
v 1466 960 1516
v 1467 948 1516
v 1468 937 1516
v 1469 925 1516
v 1470 913 1516
v 1471 901 1516
v 1472 889 1516
v 1473 877 1516
v 1474 866 1516
v 1475 854 1516
v 1476 842 1516
v 1477 830 1516
v 1478 818 1516
v 1479 806 1516
v 1480 795 1516
v 1481 783 1516
v 1482 771 1516
v 1483 759 1516
v 1484 747 1516
v 1485 736 1516
v 1486 724 1516
v 1487 712 1516
v 1488 700 1516
v 1489 688 1516
v 1490 676 1516
v 1491 665 1516
v 1492 653 1516
v 1493 641 1516
v 1494 629 1516
v 1495 617 1516
v 1496 605 1516
v 1497 594 1516
v 1498 582 1516
v 1499 570 1516
v 1500 558 1516
v 1501 546 1516
v 1502 535 1516
v 1503 523 1516
v 1504 511 1516
v 1505 499 1516
v 1506 487 1516
v 1507 475 1516
v 1508 464 1516
v 1509 452 1516
v 1510 440 1516
v 1511 428 1516
v 1512 416 1516
v 1513 404 1516
v 1514 393 1516
v 1515 381 1516
v 1516 369 1516
v 1517 357 1516
v 1518 345 1516
v 1519 375 1487
v 1520 387 1487
v 1521 399 1487
v 1522 410 1487
v 1523 422 1487
v 1524 434 1487
v 1525 446 1487
v 1526 458 1487
v 1527 469 1487
v 1528 481 1487
v 1529 493 1487
v 1530 505 1487
v 1531 517 1487
v 1532 529 1487
v 1533 540 1487
v 1534 552 1487
v 1535 564 1487
v 1536 576 1487
v 1537 588 1487
v 1538 600 1487
v 1539 611 1487
v 1540 623 1487
v 1541 635 1487
v 1542 647 1487
v 1543 659 1487
v 1544 670 1487
v 1545 682 1487
v 1546 694 1487
v 1547 706 1487
v 1548 718 1487
v 1549 730 1487
v 1550 741 1487
v 1551 753 1487
v 1552 765 1487
v 1553 777 1487
v 1554 789 1487
v 1555 801 1487
v 1556 812 1487
v 1557 824 1487
v 1558 836 1487
v 1559 848 1487
v 1560 860 1487
v 1561 871 1487
v 1562 883 1487
v 1563 895 1487
v 1564 907 1487
v 1565 919 1487
v 1566 931 1487
v 1567 942 1487
v 1568 954 1487
v 1569 966 1487
v 1570 978 1487
v 1571 990 1487
v 1572 1002 1487
v 1573 1013 1487
v 1574 1025 1487
v 1575 1037 1487
v 1576 1049 1487
v 1577 1061 1487
v 1578 1073 1487
v 1579 1084 1487
v 1580 1096 1487
v 1581 1108 1487
v 1582 1120 1487
v 1583 1132 1487
v 1584 1143 1487
v 1585 1155 1487
v 1586 1167 1487
v 1587 1179 1487
v 1588 1191 1487
v 1589 1203 1487
v 1590 1214 1487
v 1591 2066 1475
v 1592 2054 1475
v 1593 2042 1475
v 1594 2030 1475
v 1595 2018 1475
v 1596 2007 1475
v 1597 1995 1475
v 1598 1983 1475
v 1599 1971 1475
v 1600 1959 1475
v 1601 1947 1475
v 1602 1936 1475
v 1603 1924 1475
v 1604 1912 1475
v 1605 1900 1475
v 1606 1888 1475
v 1607 1877 1475
v 1608 1865 1475
v 1609 1853 1475
v 1610 1841 1475
v 1611 1829 1475
v 1612 1817 1475
v 1613 1806 1475
v 1614 1794 1475
v 1615 1782 1475
v 1616 1770 1475
v 1617 1758 1475
v 1618 1746 1475
v 1619 1735 1475
v 1620 1723 1475
v 1621 1711 1475
v 1622 1699 1475
v 1623 1687 1475
v 1624 1676 1475
v 1625 1664 1475
v 1626 1652 1475
v 1627 1640 1475
v 1628 1628 1475
v 1629 1616 1475
v 1630 1605 1475
v 1631 1593 1475
v 1632 1581 1475
v 1633 1569 1475
v 1634 1557 1475
v 1635 1545 1475
v 1636 1534 1475
v 1637 1522 1475
v 1638 1510 1475
v 1639 1498 1475
v 1640 1486 1475
v 1641 1475 1475
v 1642 1463 1475
v 1643 1451 1475
v 1644 1439 1475
v 1645 1427 1475
v 1646 1415 1475
v 1647 1404 1475
v 1648 1392 1475
v 1649 1380 1475
v 1650 1368 1475
v 1651 1356 1475
v 1652 1344 1475
v 1653 1333 1475
v 1654 1321 1475
v 1655 1309 1475
v 1656 1297 1475
v 1657 1285 1475
v 1658 1274 1475
v 1659 1262 1475
v 1660 1250 1475
v 1661 1238 1475
v 1662 1226 1475
v 1663 1214 1475
v 1664 1256 1445
v 1665 1268 1445
v 1666 1279 1445
v 1667 1291 1445
v 1668 1303 1445
v 1669 1315 1445
v 1670 1327 1445
v 1671 1339 1445
v 1672 1350 1445
v 1673 1362 1445
v 1674 1374 1445
v 1675 1386 1445
v 1676 1398 1445
v 1677 1409 1445
v 1678 1421 1445
v 1679 1433 1445
v 1680 1445 1445
v 1681 1457 1445
v 1682 1469 1445
v 1683 1480 1445
v 1684 1492 1445
v 1685 1504 1445
v 1686 1516 1445
v 1687 1528 1445
v 1688 1540 1445
v 1689 1551 1445
v 1690 1563 1445
v 1691 1575 1445
v 1692 1587 1445
v 1693 1599 1445
v 1694 1610 1445
v 1695 1622 1445
v 1696 1634 1445
v 1697 1646 1445
v 1698 1658 1445
v 1699 1670 1445
v 1700 1681 1445
v 1701 1693 1445
v 1702 1705 1445
v 1703 1717 1445
v 1704 1729 1445
v 1705 1741 1445
v 1706 1752 1445
v 1707 1764 1445
v 1708 1776 1445
v 1709 1782 1416
v 1710 1770 1416
v 1711 1758 1416
v 1712 1746 1416
v 1713 1735 1416
v 1714 1723 1416
v 1715 1711 1416
v 1716 1699 1416
v 1717 1687 1416
v 1718 1676 1416
v 1719 1664 1416
v 1720 1652 1416
v 1721 1368 1416
v 1722 1356 1416
v 1723 1344 1416
v 1724 1333 1416
v 1725 1321 1416
v 1726 1309 1416
v 1727 1297 1416
v 1728 1374 1410
v 1729 1386 1410
v 1730 1398 1410
v 1731 1409 1410
v 1732 1421 1410
v 1733 1433 1410
v 1734 1445 1410
v 1735 1457 1410
v 1736 1469 1410
v 1737 1480 1410
v 1738 1492 1410
v 1739 1504 1410
v 1740 1516 1410
v 1741 1528 1410
v 1742 1540 1410
v 1743 1551 1410
v 1744 1563 1410
v 1745 1575 1410
v 1746 1587 1410
v 1747 1599 1410
v 1748 1610 1410
v 1749 1622 1410
v 1750 1634 1410
v 1751 1646 1410
v 1752 1658 1410
v 1753 1670 1410
v 1754 1681 1410
v 1755 1693 1410
v 1756 1705 1410
v 1757 1717 1410
v 1758 1729 1410
v 1759 1741 1410
v 1760 1752 1410
v 1761 1764 1410
v 1762 1776 1410
v 1763 1788 1410
v 1764 1800 1410
v 1765 1811 1410
v 1766 1823 1410
v 1767 1835 1410
v 1768 1847 1410
v 1769 1788 1398
v 1770 1776 1398
v 1771 1764 1398
v 1772 1752 1398
v 1773 1741 1398
v 1774 1729 1398
v 1775 1717 1398
v 1776 1705 1398
v 1777 1693 1398
v 1778 1681 1398
v 1779 1670 1398
v 1780 1658 1398
v 1781 1646 1398
v 1782 1782 1392
v 1783 1794 1392
v 1784 1806 1392
v 1785 1817 1392
v 1786 1817 1274
v 1787 1806 1274
v 1788 1794 1274
v 1789 1782 1274
v 1790 1770 1274
v 1791 1758 1274
v 1792 1746 1274
v 1793 1735 1274
v 1794 1723 1274
v 1795 1711 1274
v 1796 1699 1274
v 1797 1687 1274
v 1798 1676 1274
v 1799 1664 1274
v 1800 1652 1274
v 1801 1640 1274
v 1802 1628 1274
v 1803 1616 1274
v 1804 1605 1274
v 1805 1593 1274
v 1806 1581 1274
v 1807 1569 1274
v 1808 1557 1274
v 1809 1545 1274
v 1810 1534 1274
v 1811 1522 1274
v 1812 1510 1274
v 1813 1498 1274
v 1814 1486 1274
v 1815 1475 1274
v 1816 1463 1274
v 1817 1451 1274
v 1818 1439 1274
v 1819 1427 1274
v 1820 1415 1274
v 1821 1404 1274
v 1822 1392 1274
v 1823 1380 1274
v 1824 1368 1274
v 1825 1356 1274
v 1826 1344 1274
v 1827 1333 1274
v 1828 1321 1274
v 1829 1309 1274
v 1830 1297 1274
v 1831 1285 1274
v 1832 1274 1274
v 1833 1262 1274
v 1834 1250 1274
v 1835 1238 1274
v 1836 1120 1250
v 1837 1132 1250
v 1838 1143 1250
v 1839 1155 1250
v 1840 1167 1250
v 1841 1179 1250
v 1842 1191 1250
v 1843 1203 1250
v 1844 1214 1250
v 1845 1226 1250
v 1846 1238 1250
v 1847 1250 1250
v 1848 1262 1250
v 1849 1274 1250
v 1850 1285 1250
v 1851 1297 1250
v 1852 1309 1250
v 1853 1321 1250
v 1854 1333 1250
v 1855 1344 1250
v 1856 1356 1250
v 1857 1368 1250
v 1858 1380 1250
v 1859 1392 1250
v 1860 1404 1250
v 1861 1415 1250
v 1862 1427 1250
v 1863 1439 1250
v 1864 1451 1250
v 1865 1463 1250
v 1866 1475 1250
v 1867 1486 1250
v 1868 1498 1250
v 1869 1510 1250
v 1870 1522 1250
v 1871 1534 1250
v 1872 1545 1250
v 1873 1557 1250
v 1874 1569 1250
v 1875 1581 1250
v 1876 1593 1250
v 1877 1605 1250
v 1878 1616 1250
v 1879 1628 1250
v 1880 1640 1250
v 1881 1652 1250
v 1882 1664 1250
v 1883 1676 1250
v 1884 1687 1250
v 1885 1699 1250
v 1886 1711 1250
v 1887 1723 1250
v 1888 1735 1250
v 1889 1800 1244
v 1890 1788 1244
v 1891 1776 1244
v 1892 1764 1244
v 1893 1752 1244
v 1894 1741 1244
v 1895 1729 1244
v 1896 1717 1244
v 1897 1705 1244
v 1898 1693 1244
v 1899 1681 1244
v 1900 1670 1244
v 1901 1658 1244
v 1902 1646 1244
v 1903 1634 1244
v 1904 1622 1244
v 1905 1610 1244
v 1906 1599 1244
v 1907 1587 1244
v 1908 1575 1244
v 1909 1563 1244
v 1910 1551 1244
v 1911 1540 1244
v 1912 1528 1244
v 1913 1516 1244
v 1914 1504 1244
v 1915 1492 1244
v 1916 1480 1244
v 1917 1469 1244
v 1918 1457 1244
v 1919 1445 1244
v 1920 1433 1244
v 1921 1421 1244
v 1922 1409 1244
v 1923 1398 1244
v 1924 1386 1244
v 1925 1374 1244
v 1926 1362 1244
v 1927 1350 1244
v 1928 1339 1244
v 1929 1327 1244
v 1930 1315 1244
v 1931 1303 1244
v 1932 1291 1244
v 1933 1279 1244
v 1934 1268 1244
v 1935 1256 1244
v 1936 1244 1244
v 1937 1238 1227
v 1938 1250 1227
v 1939 1262 1227
v 1940 1274 1227
v 1941 1285 1227
v 1942 1297 1227
v 1943 1309 1227
v 1944 1321 1227
v 1945 1333 1227
v 1946 1344 1227
v 1947 1356 1227
v 1948 1368 1227
v 1949 1380 1227
v 1950 1392 1227
v 1951 1404 1227
v 1952 1415 1227
v 1953 1427 1227
v 1954 1439 1227
v 1955 1451 1227
v 1956 1463 1227
v 1957 1475 1227
v 1958 1486 1227
v 1959 1498 1227
v 1960 1510 1227
v 1961 1522 1227
v 1962 1534 1227
v 1963 1545 1227
v 1964 1557 1227
v 1965 1569 1227
v 1966 1581 1227
v 1967 1593 1227
v 1968 1605 1227
v 1969 1616 1227
v 1970 1628 1227
v 1971 1640 1227
v 1972 1652 1227
v 1973 1664 1227
v 1974 1676 1227
v 1975 1687 1227
v 1976 1699 1227
v 1977 1711 1227
v 1978 1723 1227
v 1979 1735 1227
v 1980 1746 1227
v 1981 1758 1227
v 1982 1770 1227
v 1983 1782 1227
v 1984 1859 1221
v 1985 1847 1221
v 1986 1835 1221
v 1987 1823 1221
v 1988 1811 1221
v 1989 1800 1221
v 1990 1788 1221
v 1991 1776 1221
v 1992 1764 1221
v 1993 1752 1221
v 1994 1741 1221
v 1995 1729 1221
v 1996 1717 1221
v 1997 1705 1221
v 1998 1693 1221
v 1999 1681 1221
v 2000 1670 1221
v 2001 1658 1221
v 2002 1646 1221
v 2003 1634 1221
v 2004 1622 1221
v 2005 1610 1221
v 2006 1599 1221
v 2007 1587 1221
v 2008 1575 1221
v 2009 1563 1221
v 2010 1551 1221
v 2011 1540 1221
v 2012 1528 1221
v 2013 1516 1221
v 2014 1504 1221
v 2015 1492 1221
v 2016 1480 1221
v 2017 1469 1221
v 2018 1457 1221
v 2019 1445 1221
v 2020 1433 1221
v 2021 1421 1221
v 2022 1409 1221
v 2023 1398 1221
v 2024 1386 1221
v 2025 1132 1156
v 2026 1143 1156
v 2027 1155 1156
v 2028 1167 1156
v 2029 1179 1156
v 2030 1191 1156
v 2031 1203 1156
v 2032 1214 1156
v 2033 1226 1156
v 2034 1238 1156
v 2035 1250 1156
v 2036 1262 1156
v 2037 1274 1156
v 2038 1285 1156
v 2039 1297 1156
v 2040 1309 1156
v 2041 1321 1156
v 2042 1333 1156
v 2043 1344 1156
v 2044 1356 1156
v 2045 1368 1156
v 2046 1380 1156
v 2047 1392 1156
v 2048 1404 1156
v 2049 1415 1156
v 2050 1427 1156
v 2051 1439 1156
v 2052 1451 1156
v 2053 1463 1156
v 2054 1475 1156
v 2055 1486 1156
v 2056 1498 1156
v 2057 1510 1156
v 2058 1522 1156
v 2059 1534 1156
v 2060 1545 1156
v 2061 1557 1156
v 2062 1569 1156
v 2063 1581 1156
v 2064 1593 1156
v 2065 1605 1156
v 2066 1616 1156
v 2067 1628 1156
v 2068 1640 1156
v 2069 1652 1156
v 2070 1664 1156
v 2071 1676 1156
v 2072 1687 1156
v 2073 1699 1156
v 2074 1711 1156
v 2075 1723 1156
v 2076 1735 1156
v 2077 1746 1156
v 2078 1232 1150
v 2079 1220 1150
v 2080 1208 1150
v 2081 1197 1150
v 2082 1185 1150
v 2083 1173 1150
v 2084 1161 1150
v 2085 1149 1150
v 2086 1138 1150
v 2087 1126 1150
v 2088 1114 1150
v 2089 1102 1150
v 2090 1090 1150
v 2091 1078 1150
v 2092 1067 1150
v 2093 1055 1150
v 2094 1043 1150
v 2095 1031 1150
v 2096 1019 1150
v 2097 1007 1150
v 2098 996 1150
v 2099 984 1150
v 2100 972 1150
v 2101 960 1150
v 2102 948 1150
v 2103 937 1150
v 2104 925 1150
v 2105 913 1150
v 2106 901 1150
v 2107 889 1150
v 2108 877 1150
v 2109 866 1150
v 2110 854 1150
v 2111 842 1150
v 2112 830 1150
v 2113 818 1150
v 2114 806 1150
v 2115 795 1150
v 2116 783 1150
v 2117 771 1150
v 2118 759 1150
v 2119 747 1150
v 2120 736 1150
v 2121 724 1150
v 2122 712 1150
v 2123 700 1150
v 2124 688 1150
v 2125 676 1150
v 2126 665 1150
v 2127 653 1150
v 2128 641 1150
v 2129 629 1150
v 2130 617 1150
v 2131 605 1150
v 2132 594 1150
v 2133 582 1150
v 2134 570 1150
v 2135 558 1150
v 2136 546 1150
v 2137 535 1150
v 2138 523 1150
v 2139 511 1150
v 2140 499 1150
v 2141 487 1150
v 2142 475 1150
v 2143 464 1150
v 2144 452 1150
v 2145 440 1150
v 2146 428 1150
v 2147 416 1150
v 2148 404 1150
v 2149 393 1150
v 2150 381 1150
v 2151 369 1150
v 2152 357 1150
v 2153 345 1150
v 2154 334 1150
v 2155 1120 1144
v 2156 1132 1144
v 2157 1143 1144
v 2158 1155 1144
v 2159 1167 1144
v 2160 1179 1144
v 2161 1191 1144
v 2162 1203 1144
v 2163 1214 1144
v 2164 1226 1144
v 2165 1238 1144
v 2166 1250 1144
v 2167 1262 1144
v 2168 1274 1144
v 2169 1285 1144
v 2170 1297 1144
v 2171 1309 1144
v 2172 1321 1144
v 2173 1333 1144
v 2174 1344 1144
v 2175 1356 1144
v 2176 1368 1144
v 2177 1380 1144
v 2178 1392 1144
v 2179 1404 1144
v 2180 1415 1144
v 2181 1427 1144
v 2182 1439 1144
v 2183 1451 1144
v 2184 1463 1144
v 2185 1475 1144
v 2186 1486 1144
v 2187 1498 1144
v 2188 1510 1144
v 2189 1522 1144
v 2190 1534 1144
v 2191 1545 1144
v 2192 1557 1144
v 2193 1569 1144
v 2194 1581 1144
v 2195 1593 1144
v 2196 1605 1144
v 2197 1616 1144
v 2198 1628 1144
v 2199 1640 1144
v 2200 1652 1144
v 2201 1664 1144
v 2202 1676 1144
v 2203 1687 1144
v 2204 1699 1144
v 2205 1711 1144
v 2206 1723 1144
v 2207 1735 1144
v 2208 1226 1002
v 2209 1214 1002
v 2210 1203 1002
v 2211 1191 1002
v 2212 1179 1002
v 2213 1220 996
v 2214 1232 996
v 2215 1244 996
v 2216 1415 802
v 2217 1404 802
v 2218 1392 802
v 2219 1380 802
v 2220 1368 802
v 2221 1356 802
v 2222 1344 802
v 2223 1309 802
v 2224 1297 802
v 2225 1285 802
v 2226 1274 802
v 2227 1262 802
v 2228 1250 802
v 2229 1214 802
v 2230 1203 802
v 2231 1191 802
v 2232 1179 802
v 2233 1167 802
v 2234 1132 802
v 2235 1120 802
v 2236 1108 802
v 2237 1096 802
v 2238 1084 802
v 2239 1073 802
v 2240 1090 796
v 2241 1102 796
v 2242 1114 796
v 2243 1126 796
v 2244 1138 796
v 2245 1149 796
v 2246 1161 796
v 2247 1173 796
v 2248 1185 796
v 2249 1197 796
v 2250 1220 796
v 2251 1232 796
v 2252 1244 796
v 2253 1256 796
v 2254 1268 796
v 2255 1279 796
v 2256 1339 796
v 2257 1350 796
v 2258 1362 796
v 2259 1374 796
v 2260 1380 790
v 2261 1368 790
v 2262 1356 790
v 2263 1344 790
v 2264 1333 790
v 2265 1262 790
v 2266 1250 790
v 2267 1238 790
v 2268 1226 790
v 2269 1167 790
v 2270 1155 790
v 2271 1143 790
v 2272 1132 790
v 2273 1208 784
v 2274 1220 784
v 2275 1232 784
v 2276 1244 784
v 2277 1291 784
v 2278 1303 784
v 2279 1315 784
v 2280 1327 784
v 2281 1339 784
v 2282 1350 784
v 2283 1380 778
v 2284 1368 778
v 2285 1356 778
v 2286 1262 778
v 2287 1250 778
v 2288 1238 778
v 2289 1226 778
v 2290 1179 778
v 2291 1167 778
v 2292 1155 778
v 2293 1143 778
v 2294 1132 778
v 2295 1120 778
v 2296 1108 778
v 2297 1096 778
v 2298 1084 778
v 2299 1073 778
v 2300 1061 778
v 2301 1049 778
v 2302 1037 778
v 2303 1025 778
v 2304 1013 778
v 2305 1002 778
v 2306 990 778
v 2307 978 778
v 2308 966 778
v 2309 954 778
v 2310 942 778
v 2311 931 778
v 2312 919 778
v 2313 907 778
v 2314 895 778
v 2315 883 778
v 2316 871 778
v 2317 860 778
v 2318 848 778
v 2319 836 778
v 2320 824 778
v 2321 812 778
v 2322 801 778
v 2323 789 778
v 2324 777 778
v 2325 765 778
v 2326 753 778
v 2327 741 778
v 2328 1173 772
v 2329 1279 772
v 2330 1291 772
v 2331 1303 772
v 2332 1315 772
v 2333 1339 772
v 2334 1350 772
v 2335 1362 772
v 2336 1374 772
v 2337 1386 772
v 2338 1398 772
v 2339 1409 772
v 2340 1321 766
v 2341 1226 766
v 2342 1214 766
v 2343 1203 766
v 2344 1090 760
v 2345 1102 760
v 2346 1114 760
v 2347 1126 760
v 2348 1138 760
v 2349 1208 760
v 2350 1220 760
v 2351 1232 760
v 2352 1256 760
v 2353 1268 760
v 2354 1279 760
v 2355 1291 760
v 2356 1350 760
v 2357 1333 754
v 2358 1321 754
v 2359 1309 754
v 2360 1214 754
v 2361 1203 754
v 2362 1191 754
v 2363 1143 754
v 2364 1138 748
v 2365 1149 748
v 2366 1232 748
v 2367 1244 748
v 2368 1368 743
v 2369 1356 743
v 2370 1274 743
v 2371 1167 731
v 2372 1155 731
v 2373 1143 731
v 2374 1132 731
v 2375 1120 731
v 2376 1108 731
v 2377 1386 725
v 2378 1398 725
v 2379 1392 719
v 2380 1380 719
v 2381 1368 719
v 2382 795 548
v 2383 806 548
v 2384 818 548
v 2385 830 548
v 2386 842 548
v 2387 854 548
v 2388 866 548
v 2389 877 548
v 2390 889 548
v 2391 901 548
v 2392 913 548
v 2393 925 548
v 2394 937 548
v 2395 948 548
v 2396 960 548
v 2397 972 548
v 2398 984 548
v 2399 996 548
v 2400 1007 548
v 2401 1019 548
v 2402 1031 548
v 2403 1043 548
v 2404 1055 548
v 2405 1067 548
v 2406 1078 548
v 2407 1090 548
v 2408 1102 548
v 2409 1114 548
v 2410 1126 548
v 2411 1138 548
v 2412 1149 548
v 2413 1161 548
v 2414 1173 548
v 2415 1185 548
v 2416 1197 548
v 2417 1208 548
v 2418 1220 548
v 2419 1368 601
v 2420 1380 601
v 2421 1392 601
v 2422 1404 601
v 2423 1415 601
v 2424 1427 601
v 2425 1439 601
v 2426 1451 601
v 2427 1463 601
v 2428 1475 601
v 2429 1486 601
v 2430 1498 601
v 2431 1510 601
v 2432 1522 601
v 2433 1534 601
v 2434 1545 601
v 2435 1557 601
v 2436 1569 601
v 2437 1581 601
v 2438 1593 601
v 2439 1605 601
v 2440 1616 601
v 2441 1628 601
v 2442 1640 601
v 2443 1652 601
v 2444 1664 601
v 2445 1676 601
v 2446 1687 601
v 2447 1699 601
v 2448 1711 601
v 2449 1723 601
v 2450 1735 601
v 2451 1746 601
v 2452 1758 601
v 2453 1770 601
v 2454 1782 601
v 2455 1794 601
v 2456 1806 601
v 2457 1817 601
v 2458 1829 601
v 2459 1841 601
v 2460 1853 601
v 2461 1865 601
v 2462 1877 601
v 2463 1888 601
v 2464 1900 601
v 2465 1912 601
v 2466 1924 601
v 2467 1936 601
v 2468 1947 601
v 2469 1959 601
v 2470 1971 601
v 2471 1983 601
v 2472 1995 601
v 2473 2007 601
v 2474 2018 601
v 2475 2030 601
v 2476 2042 601
v 2477 2054 601
v 2478 2066 601
v 2479 2078 601
v 2480 2089 601
v 2481 1220 536
v 2482 1208 536
v 2483 1197 536
v 2484 1185 536
v 2485 1170 1944
v 2486 1300 1932
v 2487 1194 1921
v 2488 1418 1921
v 2489 1371 1909
v 2490 1253 1909
v 2491 1276 1885
v 2492 1324 1885
v 2493 1418 1885
v 2494 1324 1873
v 2495 342 1519
v 2496 1418 775
v 2497 1418 799
v 2498 2092 598
v 2499 1891 2051
v 2500 1879 2051
v 2501 1868 2051
v 2502 1856 2051
v 2503 1844 2051
v 2504 1832 2051
v 2505 1820 2051
v 2506 1809 2051
v 2507 1797 2051
v 2508 1785 2051
v 2509 1773 2051
v 2510 1761 2051
v 2511 1749 2051
v 2512 910 2051
v 2513 898 2051
v 2514 886 2051
v 2515 874 2051
v 2516 863 2051
v 2517 851 2051
v 2518 839 2051
v 2519 827 2051
v 2520 815 2051
v 2521 804 2051
v 2522 792 2051
v 2523 780 2051
v 2524 768 2051
v 2525 668 2045
v 2526 774 2045
v 2527 786 2045
v 2528 798 2045
v 2529 809 2045
v 2530 821 2045
v 2531 833 2045
v 2532 845 2045
v 2533 857 2045
v 2534 869 2045
v 2535 880 2045
v 2536 892 2045
v 2537 904 2045
v 2538 1649 2045
v 2539 1755 2045
v 2540 1767 2045
v 2541 1779 2045
v 2542 1791 2045
v 2543 1803 2045
v 2544 1814 2045
v 2545 1826 2045
v 2546 1838 2045
v 2547 1850 2045
v 2548 1862 2045
v 2549 1874 2045
v 2550 1885 2045
v 2551 1891 2039
v 2552 1879 2039
v 2553 1868 2039
v 2554 1856 2039
v 2555 1844 2039
v 2556 1832 2039
v 2557 1820 2039
v 2558 1809 2039
v 2559 1797 2039
v 2560 1785 2039
v 2561 1773 2039
v 2562 1761 2039
v 2563 1749 2039
v 2564 1702 2039
v 2565 1489 2039
v 2566 910 2039
v 2567 898 2039
v 2568 886 2039
v 2569 874 2039
v 2570 863 2039
v 2571 851 2039
v 2572 839 2039
v 2573 827 2039
v 2574 815 2039
v 2575 804 2039
v 2576 792 2039
v 2577 780 2039
v 2578 768 2039
v 2579 721 2039
v 2580 508 2039
v 2581 561 2033
v 2582 774 2033
v 2583 786 2033
v 2584 798 2033
v 2585 809 2033
v 2586 821 2033
v 2587 833 2033
v 2588 845 2033
v 2589 857 2033
v 2590 869 2033
v 2591 880 2033
v 2592 892 2033
v 2593 904 2033
v 2594 1542 2033
v 2595 1755 2033
v 2596 1767 2033
v 2597 1779 2033
v 2598 1791 2033
v 2599 1803 2033
v 2600 1814 2033
v 2601 1826 2033
v 2602 1838 2033
v 2603 1850 2033
v 2604 1862 2033
v 2605 1874 2033
v 2606 1885 2033
v 2607 1891 2027
v 2608 1879 2027
v 2609 1868 2027
v 2610 1856 2027
v 2611 1844 2027
v 2612 1832 2027
v 2613 1820 2027
v 2614 1809 2027
v 2615 1797 2027
v 2616 1785 2027
v 2617 1773 2027
v 2618 1761 2027
v 2619 1749 2027
v 2620 1596 2027
v 2621 910 2027
v 2622 898 2027
v 2623 886 2027
v 2624 874 2027
v 2625 863 2027
v 2626 851 2027
v 2627 839 2027
v 2628 827 2027
v 2629 815 2027
v 2630 804 2027
v 2631 792 2027
v 2632 780 2027
v 2633 768 2027
v 2634 614 2027
v 2635 768 173
v 2636 780 173
v 2637 792 173
v 2638 804 173
v 2639 815 173
v 2640 827 173
v 2641 839 173
v 2642 851 173
v 2643 863 173
v 2644 874 173
v 2645 886 173
v 2646 898 173
v 2647 910 173
v 2648 1749 173
v 2649 1761 173
v 2650 1773 173
v 2651 1785 173
v 2652 1797 173
v 2653 1809 173
v 2654 1820 173
v 2655 1832 173
v 2656 1844 173
v 2657 1856 173
v 2658 1868 173
v 2659 1879 173
v 2660 1891 173
v 2661 1885 167
v 2662 1874 167
v 2663 1862 167
v 2664 1850 167
v 2665 1838 167
v 2666 1826 167
v 2667 1814 167
v 2668 1803 167
v 2669 1791 167
v 2670 1779 167
v 2671 1767 167
v 2672 1755 167
v 2673 904 167
v 2674 892 167
v 2675 880 167
v 2676 869 167
v 2677 857 167
v 2678 845 167
v 2679 833 167
v 2680 821 167
v 2681 809 167
v 2682 798 167
v 2683 786 167
v 2684 774 167
v 2685 668 167
v 2686 1649 167
v 2687 1891 161
v 2688 1879 161
v 2689 1868 161
v 2690 1856 161
v 2691 1844 161
v 2692 1832 161
v 2693 1820 161
v 2694 1809 161
v 2695 1797 161
v 2696 1785 161
v 2697 1773 161
v 2698 1761 161
v 2699 1749 161
v 2700 910 161
v 2701 898 161
v 2702 886 161
v 2703 874 161
v 2704 863 161
v 2705 851 161
v 2706 839 161
v 2707 827 161
v 2708 815 161
v 2709 804 161
v 2710 792 161
v 2711 780 161
v 2712 768 161
v 2713 508 161
v 2714 721 161
v 2715 1489 161
v 2716 1702 161
v 2717 1885 155
v 2718 1874 155
v 2719 1862 155
v 2720 1850 155
v 2721 1838 155
v 2722 1826 155
v 2723 1814 155
v 2724 1803 155
v 2725 1791 155
v 2726 1779 155
v 2727 1767 155
v 2728 1755 155
v 2729 904 155
v 2730 892 155
v 2731 880 155
v 2732 869 155
v 2733 857 155
v 2734 845 155
v 2735 833 155
v 2736 821 155
v 2737 809 155
v 2738 798 155
v 2739 786 155
v 2740 774 155
v 2741 561 155
v 2742 1542 155
v 2743 1891 149
v 2744 1879 149
v 2745 1868 149
v 2746 1856 149
v 2747 1844 149
v 2748 1832 149
v 2749 1820 149
v 2750 1809 149
v 2751 1797 149
v 2752 1785 149
v 2753 1773 149
v 2754 1761 149
v 2755 1749 149
v 2756 910 149
v 2757 898 149
v 2758 886 149
v 2759 874 149
v 2760 863 149
v 2761 851 149
v 2762 839 149
v 2763 827 149
v 2764 815 149
v 2765 804 149
v 2766 792 149
v 2767 780 149
v 2768 768 149
v 2769 614 149
v 2770 1596 149
v 2771 1882 2048
v 2772 1871 2048
v 2773 1859 2048
v 2774 1847 2048
v 2775 1835 2048
v 2776 1823 2048
v 2777 1811 2048
v 2778 1800 2048
v 2779 1788 2048
v 2780 1776 2048
v 2781 1764 2048
v 2782 1752 2048
v 2783 1729 2048
v 2784 1717 2048
v 2785 1670 2048
v 2786 1658 2048
v 2787 1646 2048
v 2788 1634 2048
v 2789 1610 2048
v 2790 1599 2048
v 2791 1563 2048
v 2792 1551 2048
v 2793 1540 2048
v 2794 1528 2048
v 2795 1516 2048
v 2796 1504 2048
v 2797 1492 2048
v 2798 901 2048
v 2799 889 2048
v 2800 877 2048
v 2801 866 2048
v 2802 854 2048
v 2803 842 2048
v 2804 830 2048
v 2805 818 2048
v 2806 806 2048
v 2807 795 2048
v 2808 783 2048
v 2809 771 2048
v 2810 747 2048
v 2811 736 2048
v 2812 688 2048
v 2813 676 2048
v 2814 665 2048
v 2815 653 2048
v 2816 629 2048
v 2817 617 2048
v 2818 582 2048
v 2819 570 2048
v 2820 558 2048
v 2821 546 2048
v 2822 535 2048
v 2823 523 2048
v 2824 511 2048
v 2825 517 2042
v 2826 529 2042
v 2827 576 2042
v 2828 588 2042
v 2829 600 2042
v 2830 623 2042
v 2831 635 2042
v 2832 647 2042
v 2833 706 2042
v 2834 718 2042
v 2835 777 2042
v 2836 789 2042
v 2837 801 2042
v 2838 812 2042
v 2839 824 2042
v 2840 836 2042
v 2841 848 2042
v 2842 860 2042
v 2843 871 2042
v 2844 883 2042
v 2845 895 2042
v 2846 907 2042
v 2847 1498 2042
v 2848 1510 2042
v 2849 1557 2042
v 2850 1569 2042
v 2851 1581 2042
v 2852 1605 2042
v 2853 1616 2042
v 2854 1628 2042
v 2855 1687 2042
v 2856 1699 2042
v 2857 1758 2042
v 2858 1770 2042
v 2859 1782 2042
v 2860 1794 2042
v 2861 1806 2042
v 2862 1817 2042
v 2863 1829 2042
v 2864 1841 2042
v 2865 1853 2042
v 2866 1865 2042
v 2867 1877 2042
v 2868 1888 2042
v 2869 1882 2036
v 2870 1871 2036
v 2871 1859 2036
v 2872 1847 2036
v 2873 1835 2036
v 2874 1823 2036
v 2875 1811 2036
v 2876 1800 2036
v 2877 1788 2036
v 2878 1776 2036
v 2879 1764 2036
v 2880 1752 2036
v 2881 1705 2036
v 2882 1693 2036
v 2883 1681 2036
v 2884 1658 2036
v 2885 1646 2036
v 2886 1634 2036
v 2887 1551 2036
v 2888 1540 2036
v 2889 1528 2036
v 2890 1504 2036
v 2891 901 2036
v 2892 889 2036
v 2893 877 2036
v 2894 866 2036
v 2895 854 2036
v 2896 842 2036
v 2897 830 2036
v 2898 818 2036
v 2899 806 2036
v 2900 795 2036
v 2901 783 2036
v 2902 771 2036
v 2903 724 2036
v 2904 712 2036
v 2905 700 2036
v 2906 676 2036
v 2907 665 2036
v 2908 653 2036
v 2909 570 2036
v 2910 558 2036
v 2911 546 2036
v 2912 523 2036
v 2913 505 2030
v 2914 517 2030
v 2915 529 2030
v 2916 540 2030
v 2917 552 2030
v 2918 576 2030
v 2919 588 2030
v 2920 600 2030
v 2921 611 2030
v 2922 623 2030
v 2923 635 2030
v 2924 647 2030
v 2925 659 2030
v 2926 694 2030
v 2927 706 2030
v 2928 718 2030
v 2929 730 2030
v 2930 741 2030
v 2931 777 2030
v 2932 789 2030
v 2933 801 2030
v 2934 812 2030
v 2935 824 2030
v 2936 836 2030
v 2937 848 2030
v 2938 860 2030
v 2939 871 2030
v 2940 883 2030
v 2941 895 2030
v 2942 907 2030
v 2943 1486 2030
v 2944 1498 2030
v 2945 1510 2030
v 2946 1522 2030
v 2947 1534 2030
v 2948 1557 2030
v 2949 1569 2030
v 2950 1581 2030
v 2951 1593 2030
v 2952 1605 2030
v 2953 1616 2030
v 2954 1628 2030
v 2955 1640 2030
v 2956 1676 2030
v 2957 1687 2030
v 2958 1699 2030
v 2959 1711 2030
v 2960 1723 2030
v 2961 1758 2030
v 2962 1770 2030
v 2963 1782 2030
v 2964 1794 2030
v 2965 1806 2030
v 2966 1817 2030
v 2967 1829 2030
v 2968 1841 2030
v 2969 1853 2030
v 2970 1865 2030
v 2971 1877 2030
v 2972 1888 2030
v 2973 1882 170
v 2974 1871 170
v 2975 1859 170
v 2976 1847 170
v 2977 1835 170
v 2978 1823 170
v 2979 1811 170
v 2980 1800 170
v 2981 1788 170
v 2982 1776 170
v 2983 1764 170
v 2984 1752 170
v 2985 901 170
v 2986 889 170
v 2987 877 170
v 2988 866 170
v 2989 854 170
v 2990 842 170
v 2991 830 170
v 2992 818 170
v 2993 806 170
v 2994 795 170
v 2995 783 170
v 2996 771 170
v 2997 511 170
v 2998 523 170
v 2999 535 170
v 3000 546 170
v 3001 558 170
v 3002 570 170
v 3003 582 170
v 3004 617 170
v 3005 629 170
v 3006 653 170
v 3007 665 170
v 3008 676 170
v 3009 688 170
v 3010 736 170
v 3011 747 170
v 3012 1492 170
v 3013 1504 170
v 3014 1516 170
v 3015 1528 170
v 3016 1540 170
v 3017 1551 170
v 3018 1563 170
v 3019 1599 170
v 3020 1610 170
v 3021 1634 170
v 3022 1646 170
v 3023 1658 170
v 3024 1670 170
v 3025 1717 170
v 3026 1729 170
v 3027 1888 164
v 3028 1877 164
v 3029 1865 164
v 3030 1853 164
v 3031 1841 164
v 3032 1829 164
v 3033 1817 164
v 3034 1806 164
v 3035 1794 164
v 3036 1782 164
v 3037 1770 164
v 3038 1758 164
v 3039 907 164
v 3040 895 164
v 3041 883 164
v 3042 871 164
v 3043 860 164
v 3044 848 164
v 3045 836 164
v 3046 824 164
v 3047 812 164
v 3048 801 164
v 3049 789 164
v 3050 777 164
v 3051 517 164
v 3052 529 164
v 3053 576 164
v 3054 588 164
v 3055 600 164
v 3056 623 164
v 3057 635 164
v 3058 647 164
v 3059 706 164
v 3060 718 164
v 3061 1498 164
v 3062 1510 164
v 3063 1557 164
v 3064 1569 164
v 3065 1581 164
v 3066 1605 164
v 3067 1616 164
v 3068 1628 164
v 3069 1687 164
v 3070 1699 164
v 3071 1882 158
v 3072 1871 158
v 3073 1859 158
v 3074 1847 158
v 3075 1835 158
v 3076 1823 158
v 3077 1811 158
v 3078 1800 158
v 3079 1788 158
v 3080 1776 158
v 3081 1764 158
v 3082 1752 158
v 3083 901 158
v 3084 889 158
v 3085 877 158
v 3086 866 158
v 3087 854 158
v 3088 842 158
v 3089 830 158
v 3090 818 158
v 3091 806 158
v 3092 795 158
v 3093 783 158
v 3094 771 158
v 3095 523 158
v 3096 546 158
v 3097 558 158
v 3098 570 158
v 3099 653 158
v 3100 665 158
v 3101 676 158
v 3102 700 158
v 3103 712 158
v 3104 724 158
v 3105 1504 158
v 3106 1528 158
v 3107 1540 158
v 3108 1551 158
v 3109 1634 158
v 3110 1646 158
v 3111 1658 158
v 3112 1681 158
v 3113 1693 158
v 3114 1705 158
v 3115 1888 152
v 3116 1877 152
v 3117 1865 152
v 3118 1853 152
v 3119 1841 152
v 3120 1829 152
v 3121 1817 152
v 3122 1806 152
v 3123 1794 152
v 3124 1782 152
v 3125 1770 152
v 3126 1758 152
v 3127 907 152
v 3128 895 152
v 3129 883 152
v 3130 871 152
v 3131 860 152
v 3132 848 152
v 3133 836 152
v 3134 824 152
v 3135 812 152
v 3136 801 152
v 3137 789 152
v 3138 777 152
v 3139 505 152
v 3140 517 152
v 3141 529 152
v 3142 540 152
v 3143 552 152
v 3144 576 152
v 3145 588 152
v 3146 600 152
v 3147 611 152
v 3148 623 152
v 3149 635 152
v 3150 647 152
v 3151 659 152
v 3152 694 152
v 3153 706 152
v 3154 718 152
v 3155 730 152
v 3156 741 152
v 3157 1486 152
v 3158 1498 152
v 3159 1510 152
v 3160 1522 152
v 3161 1534 152
v 3162 1557 152
v 3163 1569 152
v 3164 1581 152
v 3165 1593 152
v 3166 1605 152
v 3167 1616 152
v 3168 1628 152
v 3169 1640 152
v 3170 1676 152
v 3171 1687 152
v 3172 1699 152
v 3173 1711 152
v 3174 1723 152
v 3175 1888 2048
v 3176 1877 2048
v 3177 1865 2048
v 3178 1853 2048
v 3179 1841 2048
v 3180 1829 2048
v 3181 1817 2048
v 3182 1806 2048
v 3183 1794 2048
v 3184 1782 2048
v 3185 1770 2048
v 3186 1758 2048
v 3187 1723 2048
v 3188 1711 2048
v 3189 1664 2048
v 3190 1640 2048
v 3191 1616 2048
v 3192 1605 2048
v 3193 1569 2048
v 3194 1557 2048
v 3195 1534 2048
v 3196 1522 2048
v 3197 1510 2048
v 3198 1498 2048
v 3199 907 2048
v 3200 895 2048
v 3201 883 2048
v 3202 871 2048
v 3203 860 2048
v 3204 848 2048
v 3205 836 2048
v 3206 824 2048
v 3207 812 2048
v 3208 801 2048
v 3209 789 2048
v 3210 777 2048
v 3211 741 2048
v 3212 730 2048
v 3213 682 2048
v 3214 659 2048
v 3215 635 2048
v 3216 623 2048
v 3217 588 2048
v 3218 576 2048
v 3219 552 2048
v 3220 540 2048
v 3221 529 2048
v 3222 517 2048
v 3223 511 2042
v 3224 523 2042
v 3225 570 2042
v 3226 582 2042
v 3227 594 2042
v 3228 629 2042
v 3229 641 2042
v 3230 700 2042
v 3231 712 2042
v 3232 771 2042
v 3233 783 2042
v 3234 795 2042
v 3235 806 2042
v 3236 818 2042
v 3237 830 2042
v 3238 842 2042
v 3239 854 2042
v 3240 866 2042
v 3241 877 2042
v 3242 889 2042
v 3243 901 2042
v 3244 1492 2042
v 3245 1504 2042
v 3246 1551 2042
v 3247 1563 2042
v 3248 1575 2042
v 3249 1610 2042
v 3250 1622 2042
v 3251 1681 2042
v 3252 1693 2042
v 3253 1752 2042
v 3254 1764 2042
v 3255 1776 2042
v 3256 1788 2042
v 3257 1800 2042
v 3258 1811 2042
v 3259 1823 2042
v 3260 1835 2042
v 3261 1847 2042
v 3262 1859 2042
v 3263 1871 2042
v 3264 1882 2042
v 3265 1888 2036
v 3266 1877 2036
v 3267 1865 2036
v 3268 1853 2036
v 3269 1841 2036
v 3270 1829 2036
v 3271 1817 2036
v 3272 1806 2036
v 3273 1794 2036
v 3274 1782 2036
v 3275 1770 2036
v 3276 1758 2036
v 3277 1711 2036
v 3278 1699 2036
v 3279 1687 2036
v 3280 1652 2036
v 3281 1640 2036
v 3282 1557 2036
v 3283 1545 2036
v 3284 1534 2036
v 3285 1498 2036
v 3286 907 2036
v 3287 895 2036
v 3288 883 2036
v 3289 871 2036
v 3290 860 2036
v 3291 848 2036
v 3292 836 2036
v 3293 824 2036
v 3294 812 2036
v 3295 801 2036
v 3296 789 2036
v 3297 777 2036
v 3298 730 2036
v 3299 718 2036
v 3300 706 2036
v 3301 670 2036
v 3302 659 2036
v 3303 576 2036
v 3304 564 2036
v 3305 552 2036
v 3306 517 2036
v 3307 511 2030
v 3308 523 2030
v 3309 546 2030
v 3310 558 2030
v 3311 582 2030
v 3312 605 2030
v 3313 629 2030
v 3314 653 2030
v 3315 665 2030
v 3316 688 2030
v 3317 700 2030
v 3318 712 2030
v 3319 724 2030
v 3320 736 2030
v 3321 747 2030
v 3322 771 2030
v 3323 783 2030
v 3324 795 2030
v 3325 806 2030
v 3326 818 2030
v 3327 830 2030
v 3328 842 2030
v 3329 854 2030
v 3330 866 2030
v 3331 877 2030
v 3332 889 2030
v 3333 901 2030
v 3334 1492 2030
v 3335 1504 2030
v 3336 1528 2030
v 3337 1540 2030
v 3338 1563 2030
v 3339 1587 2030
v 3340 1610 2030
v 3341 1634 2030
v 3342 1646 2030
v 3343 1670 2030
v 3344 1681 2030
v 3345 1693 2030
v 3346 1705 2030
v 3347 1717 2030
v 3348 1729 2030
v 3349 1752 2030
v 3350 1764 2030
v 3351 1776 2030
v 3352 1788 2030
v 3353 1800 2030
v 3354 1811 2030
v 3355 1823 2030
v 3356 1835 2030
v 3357 1847 2030
v 3358 1859 2030
v 3359 1871 2030
v 3360 1882 2030
v 3361 1888 170
v 3362 1877 170
v 3363 1865 170
v 3364 1853 170
v 3365 1841 170
v 3366 1829 170
v 3367 1817 170
v 3368 1806 170
v 3369 1794 170
v 3370 1782 170
v 3371 1770 170
v 3372 1758 170
v 3373 907 170
v 3374 895 170
v 3375 883 170
v 3376 871 170
v 3377 860 170
v 3378 848 170
v 3379 836 170
v 3380 824 170
v 3381 812 170
v 3382 801 170
v 3383 789 170
v 3384 777 170
v 3385 517 170
v 3386 529 170
v 3387 540 170
v 3388 552 170
v 3389 576 170
v 3390 588 170
v 3391 623 170
v 3392 635 170
v 3393 659 170
v 3394 682 170
v 3395 730 170
v 3396 741 170
v 3397 1498 170
v 3398 1510 170
v 3399 1522 170
v 3400 1534 170
v 3401 1557 170
v 3402 1569 170
v 3403 1605 170
v 3404 1616 170
v 3405 1640 170
v 3406 1664 170
v 3407 1711 170
v 3408 1723 170
v 3409 1882 164
v 3410 1871 164
v 3411 1859 164
v 3412 1847 164
v 3413 1835 164
v 3414 1823 164
v 3415 1811 164
v 3416 1800 164
v 3417 1788 164
v 3418 1776 164
v 3419 1764 164
v 3420 1752 164
v 3421 901 164
v 3422 889 164
v 3423 877 164
v 3424 866 164
v 3425 854 164
v 3426 842 164
v 3427 830 164
v 3428 818 164
v 3429 806 164
v 3430 795 164
v 3431 783 164
v 3432 771 164
v 3433 511 164
v 3434 523 164
v 3435 570 164
v 3436 582 164
v 3437 594 164
v 3438 629 164
v 3439 641 164
v 3440 700 164
v 3441 712 164
v 3442 1492 164
v 3443 1504 164
v 3444 1551 164
v 3445 1563 164
v 3446 1575 164
v 3447 1610 164
v 3448 1622 164
v 3449 1681 164
v 3450 1693 164
v 3451 1888 158
v 3452 1877 158
v 3453 1865 158
v 3454 1853 158
v 3455 1841 158
v 3456 1829 158
v 3457 1817 158
v 3458 1806 158
v 3459 1794 158
v 3460 1782 158
v 3461 1770 158
v 3462 1758 158
v 3463 907 158
v 3464 895 158
v 3465 883 158
v 3466 871 158
v 3467 860 158
v 3468 848 158
v 3469 836 158
v 3470 824 158
v 3471 812 158
v 3472 801 158
v 3473 789 158
v 3474 777 158
v 3475 517 158
v 3476 552 158
v 3477 564 158
v 3478 576 158
v 3479 659 158
v 3480 670 158
v 3481 706 158
v 3482 718 158
v 3483 730 158
v 3484 1498 158
v 3485 1534 158
v 3486 1545 158
v 3487 1557 158
v 3488 1640 158
v 3489 1652 158
v 3490 1687 158
v 3491 1699 158
v 3492 1711 158
v 3493 1882 152
v 3494 1871 152
v 3495 1859 152
v 3496 1847 152
v 3497 1835 152
v 3498 1823 152
v 3499 1811 152
v 3500 1800 152
v 3501 1788 152
v 3502 1776 152
v 3503 1764 152
v 3504 1752 152
v 3505 901 152
v 3506 889 152
v 3507 877 152
v 3508 866 152
v 3509 854 152
v 3510 842 152
v 3511 830 152
v 3512 818 152
v 3513 806 152
v 3514 795 152
v 3515 783 152
v 3516 771 152
v 3517 511 152
v 3518 523 152
v 3519 546 152
v 3520 558 152
v 3521 582 152
v 3522 605 152
v 3523 629 152
v 3524 653 152
v 3525 665 152
v 3526 688 152
v 3527 700 152
v 3528 712 152
v 3529 724 152
v 3530 736 152
v 3531 747 152
v 3532 1492 152
v 3533 1504 152
v 3534 1528 152
v 3535 1540 152
v 3536 1563 152
v 3537 1587 152
v 3538 1610 152
v 3539 1634 152
v 3540 1646 152
v 3541 1670 152
v 3542 1681 152
v 3543 1693 152
v 3544 1705 152
v 3545 1717 152
v 3546 1729 152
v 3547 1885 2051
v 3548 1874 2051
v 3549 1862 2051
v 3550 1850 2051
v 3551 1838 2051
v 3552 1826 2051
v 3553 1814 2051
v 3554 1803 2051
v 3555 1791 2051
v 3556 1779 2051
v 3557 1767 2051
v 3558 1755 2051
v 3559 904 2051
v 3560 892 2051
v 3561 880 2051
v 3562 869 2051
v 3563 857 2051
v 3564 845 2051
v 3565 833 2051
v 3566 821 2051
v 3567 809 2051
v 3568 798 2051
v 3569 786 2051
v 3570 774 2051
v 3571 768 2045
v 3572 780 2045
v 3573 792 2045
v 3574 804 2045
v 3575 815 2045
v 3576 827 2045
v 3577 839 2045
v 3578 851 2045
v 3579 863 2045
v 3580 874 2045
v 3581 886 2045
v 3582 898 2045
v 3583 910 2045
v 3584 1749 2045
v 3585 1761 2045
v 3586 1773 2045
v 3587 1785 2045
v 3588 1797 2045
v 3589 1809 2045
v 3590 1820 2045
v 3591 1832 2045
v 3592 1844 2045
v 3593 1856 2045
v 3594 1868 2045
v 3595 1879 2045
v 3596 1891 2045
v 3597 1885 2039
v 3598 1874 2039
v 3599 1862 2039
v 3600 1850 2039
v 3601 1838 2039
v 3602 1826 2039
v 3603 1814 2039
v 3604 1803 2039
v 3605 1791 2039
v 3606 1779 2039
v 3607 1767 2039
v 3608 1755 2039
v 3609 904 2039
v 3610 892 2039
v 3611 880 2039
v 3612 869 2039
v 3613 857 2039
v 3614 845 2039
v 3615 833 2039
v 3616 821 2039
v 3617 809 2039
v 3618 798 2039
v 3619 786 2039
v 3620 774 2039
v 3621 768 2033
v 3622 780 2033
v 3623 792 2033
v 3624 804 2033
v 3625 815 2033
v 3626 827 2033
v 3627 839 2033
v 3628 851 2033
v 3629 863 2033
v 3630 874 2033
v 3631 886 2033
v 3632 898 2033
v 3633 910 2033
v 3634 1749 2033
v 3635 1761 2033
v 3636 1773 2033
v 3637 1785 2033
v 3638 1797 2033
v 3639 1809 2033
v 3640 1820 2033
v 3641 1832 2033
v 3642 1844 2033
v 3643 1856 2033
v 3644 1868 2033
v 3645 1879 2033
v 3646 1891 2033
v 3647 1885 2027
v 3648 1874 2027
v 3649 1862 2027
v 3650 1850 2027
v 3651 1838 2027
v 3652 1826 2027
v 3653 1814 2027
v 3654 1803 2027
v 3655 1791 2027
v 3656 1779 2027
v 3657 1767 2027
v 3658 1755 2027
v 3659 904 2027
v 3660 892 2027
v 3661 880 2027
v 3662 869 2027
v 3663 857 2027
v 3664 845 2027
v 3665 833 2027
v 3666 821 2027
v 3667 809 2027
v 3668 798 2027
v 3669 786 2027
v 3670 774 2027
v 3671 774 173
v 3672 786 173
v 3673 798 173
v 3674 809 173
v 3675 821 173
v 3676 833 173
v 3677 845 173
v 3678 857 173
v 3679 869 173
v 3680 880 173
v 3681 892 173
v 3682 904 173
v 3683 1755 173
v 3684 1767 173
v 3685 1779 173
v 3686 1791 173
v 3687 1803 173
v 3688 1814 173
v 3689 1826 173
v 3690 1838 173
v 3691 1850 173
v 3692 1862 173
v 3693 1874 173
v 3694 1885 173
v 3695 1891 167
v 3696 1879 167
v 3697 1868 167
v 3698 1856 167
v 3699 1844 167
v 3700 1832 167
v 3701 1820 167
v 3702 1809 167
v 3703 1797 167
v 3704 1785 167
v 3705 1773 167
v 3706 1761 167
v 3707 1749 167
v 3708 910 167
v 3709 898 167
v 3710 886 167
v 3711 874 167
v 3712 863 167
v 3713 851 167
v 3714 839 167
v 3715 827 167
v 3716 815 167
v 3717 804 167
v 3718 792 167
v 3719 780 167
v 3720 768 167
v 3721 774 161
v 3722 786 161
v 3723 798 161
v 3724 809 161
v 3725 821 161
v 3726 833 161
v 3727 845 161
v 3728 857 161
v 3729 869 161
v 3730 880 161
v 3731 892 161
v 3732 904 161
v 3733 1755 161
v 3734 1767 161
v 3735 1779 161
v 3736 1791 161
v 3737 1803 161
v 3738 1814 161
v 3739 1826 161
v 3740 1838 161
v 3741 1850 161
v 3742 1862 161
v 3743 1874 161
v 3744 1885 161
v 3745 1891 155
v 3746 1879 155
v 3747 1868 155
v 3748 1856 155
v 3749 1844 155
v 3750 1832 155
v 3751 1820 155
v 3752 1809 155
v 3753 1797 155
v 3754 1785 155
v 3755 1773 155
v 3756 1761 155
v 3757 1749 155
v 3758 910 155
v 3759 898 155
v 3760 886 155
v 3761 874 155
v 3762 863 155
v 3763 851 155
v 3764 839 155
v 3765 827 155
v 3766 815 155
v 3767 804 155
v 3768 792 155
v 3769 780 155
v 3770 768 155
v 3771 774 149
v 3772 786 149
v 3773 798 149
v 3774 809 149
v 3775 821 149
v 3776 833 149
v 3777 845 149
v 3778 857 149
v 3779 869 149
v 3780 880 149
v 3781 892 149
v 3782 904 149
v 3783 1755 149
v 3784 1767 149
v 3785 1779 149
v 3786 1791 149
v 3787 1803 149
v 3788 1814 149
v 3789 1826 149
v 3790 1838 149
v 3791 1850 149
v 3792 1862 149
v 3793 1874 149
v 3794 1885 149
v 3795 0 0
q 2174
