5527.81
909.12
3586.00
6256.88
-14999.00
-2967.12
11137.50
4381.75
4209.75
4547.75
10986.00
-7245.38
-976.50
-8757.25
-647.00
-4111.00
-8668.12
-3070.50
-9205.63
-4557.75
-2889.75
11719.50
-2640.25
1883.37
-21734.62
1603.00
26477.37
-172.63
-1248.25
14118.38
-3805.00
6118.50
17616.13
-22540.38
-14236.50
-5345.00
-9486.37
-1960.87
-2038.37
-2790.88
-7784.62
1595.88
9166.75
-427.00
26396.00
3801.50
8693.88
-8957.37
-2423.62
-8495.50
4175.12
-13015.00
9717.25
4729.50
1627.25
87.38
-969.50
-1025.50
-21273.75
-30346.75
-7433.75
15051.50
5058.63
8928.50
8698.62
16900.12
428.50
7685.25
-4381.13
-9238.37
-10418.50
16984.88
-22541.75
-18618.25
-2962.88
10100.88
-28367.50
-12298.63
-7695.00
3657.00
-17109.75
5133.00
-6394.63
-195.38
-27322.87
-18563.25
-31174.62
-1122.87
-4909.38
10294.88
-8134.75
3516.88
2105.12
-3259.00
-2489.12
1171.38
760.00
-4428.25
-1054.12
6001.00
13863.75
17272.13
22634.37
-1187.13
-16833.25
-29363.50
7492.63
4315.88
3387.37
7165.00
7980.13
80.13
4522.88
28265.50
18277.00
-9903.25
-2513.75
-21917.12
-4026.37
3097.62
-6181.50
15155.13
6640.25
-2157.50
2015.75
-5683.50
9212.88
3593.38
-9540.50
11858.12
-4613.75
-8988.13
5305.13
-7765.75
11682.63
-3099.00
42110.38
22060.75
-2480.00
3413.25
31601.62
-15900.13
11071.00
-31492.38
-217.38
9732.88
8337.38
5069.25
9076.50
-1657.25
-1350.87
11230.00
-7423.75
-3277.37
6651.00
-13678.37
-3086.50
58.00
17898.13
13722.75
19043.25
32486.87
8555.62
7592.00
23076.25
-231.25
2904.25
13188.62
3490.00
3462.25
1824.75
-6258.25
-7679.00
-20404.62
-8118.25
6418.19
13534.37
-4705.25
-2503.37
-12108.87
-2719.25
-4165.37
-3100.37
2844.75
-299.63
-814.75
-6525.25
-4349.25
21016.38
-4821.62
1772.37
-8855.69
-15524.00
-3074.13
-2319.38
7112.50
-7736.87
1422.38
5949.75
27767.37
8274.00
-1119.25
17353.88
6464.38
12843.25
-3320.13
-13474.00
5235.13
-8360.50
-6372.87
7803.37
733.50
5610.00
4376.13
-4398.25
8886.25
-1489.88
-26396.50
-5975.63
-3074.25
10916.75
-13786.50
-9776.88
-20613.87
-5359.13
6434.62
3222.12
-9848.12
14527.50
-4601.75
8494.38
-11802.25
-23106.37
3411.12
-18651.25
-1758.50
-2528.38
-29282.75
10713.62
7378.63
3905.25
-277.63
16542.75
-5892.25
3795.38
-1159.25
-23236.44
-7102.88
-2570.37
1300.00
9156.62
-1883.62
-2213.50
11343.13
-15321.63
-852.38
12763.75
22245.37
-7545.25
-4744.37
-14854.88
-7419.00
8699.88
4178.75
39623.87
2679.62
-2683.00
-11118.12
-7395.00
-11204.12
-5189.38
-6590.62
19383.12
8303.37
5100.75
4130.88
-12989.50
-330.25
-10855.37
-1118.75
-4186.50
5538.00
4781.25
3963.12
17342.38
9332.50
531.50
-26931.87
-9211.12
2448.50
-22039.12
8041.63
1273.00
-10999.37
-565.50
6012.75
112.50
1173.50
20512.25
94.13
1802.25
-4091.00
18639.63
849.63
-17582.50
-4539.12
1648.00
-8424.37
-8464.63
15625.75
5685.75
21100.00
397.12
-9951.25
-7745.25
-280.50
13683.87
-9669.13
7911.62
17140.13
20745.88
2948.62
-379.38
198.50
1939.75
-1939.00
4274.88
2061.00
6608.13
4146.75
-18833.25
1632.00
-1346.75
672.88
8876.62
-4910.38
8160.63
-2481.37
6207.25
160.63
-7880.00
5748.87
2331.12
8275.25
5362.25
-1829.75
-18444.87
26863.62
9444.00
18255.37
19364.00
-19403.38
-7491.75
-9962.50
15496.87
2595.75
-2709.63
4972.00
508.37
1494.25
-13844.75
-14282.13
1329.50
477.75
-8267.50
4939.25
-2334.25
1750.88
-24588.12
869.50
3001.00
-10869.00
10595.37
-5.75
-9647.62
24366.50
-2492.75
14756.94
1298.75
-24852.12
-3644.13
-13508.87
-12814.25
3485.37
3548.50
-6709.75
-9104.88
4701.50
7901.50
-28813.00
7229.87
3045.87
-51425.75
13186.50
1081.13
-509.25
17872.87
16502.50
-3785.13
1510.13
3127.00
-1044.25
3118.87
3079.25
-1578.25
384.37
-15011.75
3637.37
-1360.25
-9999.75
-23160.88
-17955.75
28256.62
3051.12
2108.12
-5465.25
15875.25
-26164.87
-2995.63
-1768.38
-10360.88
-2250.62
3278.00
-672.75
25835.50
2278.37
5029.75
-3935.38
2711.75
-4292.50
955.25
16463.00
10669.25
8055.75
-21755.13
-9676.25
-8159.50
-3644.25
-15123.00
-2669.87
953.25
-3143.25
-7318.63
1363.50
-2667.13
-3665.87
-8642.37
-6072.25
548.75
-9282.87
12092.88
-489.50
9882.25
-6809.75
1593.87
-2291.75
-1158.37
369.00
6846.75
106.25
6317.63
-5034.75
7103.38
-4910.50
-652.50
4174.50
922.62
6939.75
9249.37
-1063.87
-4280.25
1868.75
487.00
13914.13
499.62
15763.38
21014.62
28192.62
-7853.75
16566.25
-2129.25
5925.12
6239.00
-445.50
-16309.62
362.13
-10525.25
-9385.75
-6893.25
15446.38
-24671.00
7571.25
-7077.50
-3927.38
-74.63
-6167.25
-13817.12
2634.75
804.50
11320.00
