92 358 260
175 530 430
356 323 98
21 147 139
148 90 227
316 442 500
154 538 179
327 263 271
212 608 384
163 211 39
243 653 485
320 268 467
158 344 484
315 205 370
95 418 434
208 603 299
151 332 271
82 233 367
350 379 181
48 660 539
27 90 139
12 309 468
198 673 533
249 400 204
207 221 309
305 481 135
239 104 45
364 301 298
33 97 520
105 228 298
95 428 253
266 198 102
6 68 275
36 362 358
185 542 492
121 269 376
275 414 493
128 402 477
315 70 88
69 25 238
339 50 438
217 543 100
137 658 253
145 568 274
304 223 23
288 39 478
54 193 321
118 587 368
255 86 441
142 9 193
193 590 164
183 290 493
11 191 47
46 450 450
59 613 287
314 473 413
77 511 418
9 574 347
167 107 532
219 321 388
269 330 262
161 136 375
162 363 318
335 225 366
293 84 333
29 482 199
335 575 308
142 349 97
249 207 44
300 47 236
113 579 385
26 57 401
256 392 385
212 189 27
208 529 182
71 265 328
201 294 414
346 208 199
315 82 86
307 516 516
213 576 63
170 255 528
53 270 224
294 384 306
210 107 150
225 137 43
346 6 399
285 482 18
107 86 336
38 37 251
297 57 185
114 478 383
324 492 149
165 550 379
224 620 350
121 359 395
364 505 202
137 265 64
3 416 94
212 309 353
26 419 534
289 470 493
354 261 87
54 185 263
25 517 520
166 587 480
126 61 503
279 90 443
125 26 532
152 637 312
186 126 316
248 526 79
29 465 114
61 470 150
273 240 459
202 140 136
74 564 297
291 404 286
353 571 120
115 295 152
38 41 89
111 637 133
26 421 121
221 228 238
131 523 316
39 641 145
65 1 169
209 49 30
357 366 337
147 683 110
270 455 282
22 528 297
116 516 103
231 681 366
309 523 242
238 130 285
69 346 431
43 292 76
74 314 225
344 11 354
219 448 213
364 467 135
298 337 200
49 523 538
159 382 209
171 582 236
288 409 209
275 682 443
59 608 151
50 414 15
55 568 221
169 253 281
81 365 360
239 383 53
191 108 160
125 319 434
24 288 511
124 16 14
97 494 81
163 461 470
48 172 252
22 83 254
334 551 228
258 36 294
81 591 273
227 513 441
90 616 521
218 562 418
289 643 207
320 60 131
39 622 544
340 551 43
126 314 397
174 505 171
56 20 449
101 611 367
2 377 144
104 670 6
317 117 379
27 525 358
71 425 520
82 470 525
343 657 125
205 495 243
215 112 387
256 299 190
145 264 86
216 122 58
340 62 137
251 662 421
168 73 273
83 350 524
132 207 338
227 452 488
319 179 178
181 67 243
290 113 51
234 507 107
61 11 283
231 383 275
